Sample_id,Class_1,Class_2,Class_3,Class_4,Class_5,Class_6,Class_7,Class_8,Class_9,Class_10
1,0.182077,0.147502,0.427153,0.007461,0.012035,0.078151,0.115260,0.001557,0.024254,0.004550
2,0.168952,0.050316,0.047130,0.012277,0.025333,0.024665,0.073237,0.007147,0.589633,0.001308
3,0.837030,0.041024,0.000654,0.000716,0.014501,0.005583,0.021562,0.070799,0.000115,0.008016
4,0.979070,0.005828,0.001603,0.001174,0.002950,0.002364,0.004473,0.001756,0.000342,0.000441
5,0.961751,0.003090,0.001792,0.000575,0.000363,0.017423,0.000786,0.012382,0.000948,0.000891
6,0.323894,0.003485,0.002320,0.009333,0.243833,0.085272,0.095162,0.231687,0.000167,0.004847
7,0.170823,0.055714,0.015166,0.038187,0.289145,0.066904,0.043987,0.001895,0.313561,0.004618
8,0.648239,0.003512,0.000877,0.000765,0.050761,0.001722,0.018787,0.237241,0.000786,0.037311
9,0.926279,0.002184,0.001863,0.000913,0.039724,0.002037,0.019190,0.007093,0.000094,0.000623
10,0.347926,0.535194,0.054300,0.002967,0.002218,0.004771,0.003924,0.033035,0.013821,0.001844
11,0.842530,0.024571,0.003730,0.001088,0.051319,0.013049,0.057977,0.005312,0.000101,0.000322
12,0.325185,0.168589,0.082609,0.146439,0.043197,0.005421,0.014462,0.020945,0.000014,0.193139
13,0.864511,0.078572,0.003708,0.001610,0.018940,0.005373,0.019206,0.002078,0.000361,0.005640
14,0.159445,0.019942,0.039618,0.098386,0.021527,0.008937,0.008023,0.281783,0.025245,0.337094
15,0.351392,0.112926,0.003437,0.444202,0.006474,0.043660,0.033866,0.001202,0.000082,0.002760
16,0.491316,0.061525,0.002170,0.061516,0.033425,0.007354,0.034010,0.291704,0.000245,0.016735
17,0.349909,0.167443,0.084097,0.111000,0.091828,0.112974,0.030877,0.017557,0.024087,0.010229
18,0.995361,0.003672,0.000197,0.000020,0.000140,0.000181,0.000054,0.000350,0.000010,0.000013
19,0.105307,0.010277,0.372310,0.003763,0.006214,0.453772,0.017554,0.022800,0.007234,0.000768
20,0.216751,0.719764,0.006402,0.005941,0.007582,0.004676,0.030134,0.000246,0.007824,0.000679
21,0.113240,0.702876,0.172595,0.000919,0.000444,0.001249,0.008426,0.000036,0.000079,0.000136
22,0.685037,0.002563,0.006396,0.002025,0.004248,0.048688,0.029241,0.104956,0.000718,0.116128
23,0.940786,0.017411,0.007426,0.011492,0.009662,0.003373,0.002302,0.005054,0.000023,0.002470
24,0.609267,0.187085,0.002565,0.079946,0.002586,0.050235,0.026353,0.021499,0.000218,0.020245
25,0.713912,0.182194,0.043147,0.001158,0.002510,0.011054,0.009198,0.035226,0.000241,0.001360
26,0.149614,0.146556,0.067884,0.312832,0.148665,0.023882,0.117744,0.002468,0.001727,0.028627
27,0.030569,0.342486,0.573262,0.006235,0.000990,0.032948,0.012350,0.000071,0.000944,0.000146
28,0.339706,0.004165,0.019984,0.008868,0.027050,0.020617,0.011643,0.522530,0.031476,0.013962
29,0.573568,0.007782,0.005759,0.014584,0.041961,0.105053,0.020494,0.136296,0.091129,0.003374
30,0.909590,0.012421,0.005199,0.002987,0.012880,0.016525,0.012711,0.022137,0.005289,0.000261
31,0.115156,0.045503,0.017828,0.417578,0.014517,0.027143,0.033655,0.007713,0.000191,0.320715
32,0.976633,0.006208,0.007718,0.001013,0.000918,0.000791,0.001084,0.001020,0.000114,0.004500
33,0.716157,0.047438,0.002768,0.001442,0.005017,0.005791,0.058285,0.140898,0.000647,0.021557
34,0.492193,0.013153,0.026559,0.054523,0.072251,0.127263,0.016936,0.050069,0.121706,0.025347
35,0.303721,0.203066,0.009485,0.382612,0.008925,0.007125,0.005251,0.003298,0.000544,0.075972
36,0.091710,0.098543,0.061385,0.196896,0.006711,0.536656,0.002382,0.003108,0.000165,0.002443
37,0.918121,0.012985,0.000949,0.007579,0.000880,0.003670,0.002810,0.051128,0.000102,0.001777
38,0.946937,0.002143,0.000733,0.001494,0.020851,0.008667,0.002651,0.011126,0.005154,0.000244
39,0.984792,0.008033,0.000494,0.000371,0.001661,0.000780,0.000168,0.002125,0.000012,0.001566
40,0.291716,0.554830,0.020913,0.052646,0.016868,0.040128,0.018375,0.002158,0.000903,0.001463
41,0.798350,0.015631,0.004004,0.006843,0.050660,0.022473,0.046415,0.036586,0.002464,0.016573
42,0.353102,0.604211,0.001706,0.001867,0.017133,0.002472,0.002610,0.005567,0.005479,0.005853
43,0.037588,0.003261,0.656476,0.000777,0.013807,0.019551,0.085954,0.013589,0.004635,0.164362
44,0.518513,0.151669,0.074354,0.027541,0.035882,0.054542,0.020349,0.096106,0.017581,0.003462
45,0.897078,0.060349,0.013507,0.001688,0.002089,0.004048,0.008261,0.003249,0.000508,0.009225
46,0.066576,0.881589,0.042644,0.002262,0.003017,0.001282,0.002216,0.000204,0.000106,0.000103
47,0.172046,0.797876,0.002970,0.002751,0.007643,0.001493,0.014544,0.000064,0.000461,0.000152
48,0.881055,0.072697,0.001588,0.006938,0.008409,0.012364,0.013731,0.002468,0.000091,0.000660
49,0.423330,0.029342,0.002323,0.218279,0.051023,0.089680,0.004862,0.157520,0.000068,0.023573
50,0.663776,0.073573,0.017329,0.031031,0.012043,0.085831,0.035558,0.049499,0.024328,0.007033
51,0.006145,0.939192,0.053860,0.000309,0.000007,0.000318,0.000165,0.000000,0.000000,0.000002
52,0.285783,0.070779,0.377594,0.002750,0.024032,0.212727,0.009002,0.014178,0.002947,0.000208
53,0.326888,0.361555,0.008892,0.080813,0.015676,0.089602,0.106396,0.004476,0.002934,0.002768
54,0.681691,0.044339,0.001345,0.002633,0.088459,0.006181,0.021463,0.147974,0.001922,0.003993
55,0.005161,0.003837,0.981385,0.000081,0.000490,0.005337,0.000121,0.000035,0.003546,0.000006
56,0.048236,0.037695,0.829219,0.010873,0.014907,0.029379,0.010186,0.000278,0.018697,0.000529
57,0.118894,0.091892,0.002454,0.030382,0.579108,0.106585,0.016980,0.005587,0.011772,0.036345
58,0.956211,0.028114,0.004898,0.000145,0.002959,0.000651,0.001893,0.004236,0.000055,0.000839
59,0.000164,0.000529,0.977596,0.000134,0.008083,0.007256,0.000040,0.000006,0.006189,0.000004
60,0.579714,0.326153,0.007945,0.003045,0.035043,0.011025,0.010815,0.024221,0.000289,0.001749
61,0.661831,0.020731,0.003009,0.096789,0.024679,0.043174,0.104639,0.014925,0.001726,0.028497
62,0.865046,0.018025,0.063723,0.003716,0.005345,0.013785,0.002896,0.013669,0.000203,0.013592
63,0.101417,0.086806,0.002457,0.563246,0.093351,0.086816,0.011017,0.033802,0.001800,0.019289
64,0.975089,0.002264,0.001456,0.003142,0.001931,0.002604,0.001752,0.009688,0.001750,0.000324
65,0.330818,0.019376,0.008487,0.136696,0.137898,0.227357,0.086588,0.012993,0.035583,0.004204
66,0.695732,0.289096,0.002284,0.001315,0.004359,0.000913,0.001549,0.000317,0.000004,0.004431
67,0.867802,0.012934,0.001025,0.004381,0.000707,0.020978,0.000525,0.084959,0.005401,0.001288
68,0.147914,0.530495,0.004016,0.270587,0.011778,0.006931,0.022534,0.001429,0.000040,0.004276
69,0.111245,0.804069,0.024744,0.030428,0.015382,0.009179,0.004094,0.000087,0.000096,0.000678
70,0.733618,0.063824,0.088878,0.021090,0.025277,0.027994,0.006083,0.018716,0.001289,0.013229
71,0.969773,0.000284,0.000135,0.000002,0.001994,0.000475,0.000483,0.024658,0.000085,0.002111
72,0.333844,0.040454,0.040421,0.023423,0.396882,0.058984,0.032904,0.061339,0.002502,0.009246
73,0.415142,0.015400,0.005773,0.058050,0.018028,0.089362,0.003597,0.351520,0.001007,0.042120
74,0.110182,0.016627,0.068208,0.026300,0.127351,0.013984,0.159906,0.010030,0.000502,0.466911
75,0.479927,0.003779,0.002540,0.000130,0.001437,0.001321,0.002064,0.504547,0.002526,0.001729
76,0.008463,0.907189,0.078443,0.001000,0.000071,0.003878,0.000885,0.000002,0.000039,0.000032
77,0.861414,0.085352,0.005498,0.001553,0.004609,0.017109,0.004555,0.019020,0.000049,0.000839
78,0.016258,0.032651,0.843320,0.003068,0.002041,0.050733,0.019205,0.000341,0.023188,0.009195
79,0.024346,0.003230,0.005718,0.005549,0.032000,0.119626,0.027340,0.000766,0.779675,0.001751
80,0.626855,0.126367,0.014581,0.043161,0.010175,0.028410,0.013724,0.018467,0.009680,0.108579
81,0.020263,0.024483,0.512004,0.013225,0.001721,0.128724,0.004618,0.000528,0.190342,0.104092
82,0.879235,0.011657,0.000602,0.002429,0.009479,0.000591,0.045814,0.046368,0.001600,0.002225
83,0.955408,0.015378,0.000107,0.000139,0.001065,0.000666,0.009893,0.015541,0.001011,0.000793
84,0.518110,0.428563,0.016484,0.015142,0.002598,0.013530,0.003624,0.000865,0.000027,0.001057
85,0.001265,0.001830,0.154997,0.000906,0.000195,0.009379,0.000610,0.000038,0.830759,0.000021
86,0.878467,0.013646,0.005188,0.001821,0.015764,0.004712,0.020309,0.049871,0.000251,0.009969
87,0.096995,0.283868,0.003839,0.548424,0.005852,0.003057,0.033513,0.000015,0.000019,0.024418
88,0.039353,0.115891,0.569722,0.011792,0.004062,0.251013,0.003680,0.000114,0.001504,0.002868
89,0.059072,0.001747,0.012906,0.311841,0.010422,0.020501,0.002441,0.548007,0.000656,0.032408
90,0.748421,0.017078,0.007344,0.020480,0.017045,0.030499,0.059004,0.082946,0.003257,0.013925
91,0.354121,0.024741,0.106162,0.033201,0.023828,0.139159,0.038687,0.011105,0.004433,0.264563
92,0.094353,0.298271,0.479012,0.023778,0.032886,0.036020,0.028317,0.001351,0.005274,0.000739
93,0.953506,0.017377,0.001599,0.000144,0.010195,0.004490,0.003984,0.007363,0.000494,0.000847
94,0.980521,0.008197,0.002210,0.000048,0.004388,0.000672,0.001033,0.002523,0.000184,0.000223
95,0.868428,0.105722,0.000966,0.001234,0.014997,0.003666,0.004203,0.000553,0.000201,0.000031
96,0.791263,0.030070,0.000907,0.081210,0.007513,0.015153,0.050094,0.017189,0.000472,0.006129
97,0.000489,0.000158,0.000388,0.000640,0.984828,0.011454,0.001667,0.000163,0.000181,0.000032
98,0.195416,0.440198,0.013500,0.262186,0.010611,0.034696,0.009022,0.029977,0.000379,0.004015
99,0.187423,0.733716,0.028724,0.001153,0.018938,0.004708,0.023038,0.001155,0.000774,0.000373
100,0.372332,0.015523,0.119972,0.024089,0.146952,0.078240,0.030937,0.078010,0.106890,0.027056
101,0.921697,0.005999,0.001121,0.000210,0.048615,0.001074,0.013722,0.006260,0.000219,0.001083
102,0.066467,0.019651,0.003011,0.596458,0.044638,0.011297,0.127194,0.011596,0.000348,0.119339
103,0.506901,0.086782,0.009556,0.107482,0.168178,0.022876,0.039214,0.021143,0.006055,0.031813
104,0.721684,0.049043,0.000867,0.006635,0.066355,0.017374,0.076138,0.060718,0.000291,0.000895
105,0.100002,0.239122,0.010119,0.417111,0.082515,0.019565,0.062284,0.024112,0.044759,0.000410
106,0.785028,0.122637,0.000375,0.000128,0.004206,0.000602,0.000527,0.085921,0.000443,0.000134
107,0.552529,0.004472,0.004444,0.001139,0.244659,0.007507,0.010646,0.163811,0.003544,0.007248
108,0.988919,0.002974,0.000136,0.000889,0.001243,0.002275,0.002238,0.001026,0.000115,0.000185
109,0.198325,0.527161,0.001800,0.211677,0.008744,0.020755,0.028080,0.001033,0.000818,0.001607
110,0.282294,0.013336,0.005217,0.025508,0.008460,0.002732,0.000909,0.651989,0.000037,0.009519
111,0.301312,0.338289,0.052224,0.192200,0.004011,0.033214,0.004662,0.059088,0.013005,0.001993
112,0.005132,0.989601,0.001640,0.000099,0.000034,0.000287,0.002965,0.000141,0.000015,0.000085
113,0.900977,0.021510,0.000785,0.000108,0.002254,0.001701,0.004973,0.065435,0.001097,0.001160
114,0.838873,0.036057,0.007743,0.002357,0.015965,0.004743,0.016404,0.059911,0.001816,0.016130
115,0.954555,0.008077,0.000490,0.000301,0.005408,0.000854,0.002213,0.027776,0.000215,0.000111
116,0.176167,0.001431,0.003394,0.256666,0.172964,0.021134,0.024290,0.214904,0.039364,0.089685
117,0.804682,0.031864,0.017555,0.005069,0.046540,0.007299,0.074108,0.003869,0.007473,0.001540
118,0.963501,0.011667,0.011943,0.000390,0.000251,0.003303,0.004693,0.002458,0.000517,0.001276
119,0.965850,0.003832,0.001176,0.000513,0.012435,0.002032,0.010592,0.002907,0.000318,0.000345
120,0.759611,0.078937,0.055421,0.003296,0.008167,0.007689,0.002544,0.062295,0.003236,0.018804
121,0.960165,0.006810,0.001714,0.000182,0.000650,0.011847,0.002066,0.015581,0.000051,0.000934
122,0.986248,0.007318,0.000163,0.000148,0.002586,0.001473,0.000463,0.001268,0.000037,0.000297
123,0.255392,0.513515,0.045607,0.076032,0.036095,0.051912,0.006009,0.001852,0.011470,0.002115
124,0.976237,0.006516,0.000416,0.000292,0.006141,0.002436,0.004390,0.002239,0.000523,0.000810
125,0.075857,0.011323,0.862692,0.000936,0.025160,0.008262,0.013902,0.000388,0.000428,0.001050
126,0.213020,0.215906,0.055832,0.023474,0.135304,0.063127,0.076419,0.004906,0.196099,0.015913
127,0.865918,0.055909,0.005709,0.002246,0.011424,0.007409,0.012440,0.018231,0.001116,0.019598
128,0.966760,0.016284,0.004889,0.002707,0.000415,0.004422,0.001894,0.002036,0.000015,0.000579
129,0.001584,0.064970,0.013367,0.804881,0.001170,0.017172,0.009420,0.000411,0.078976,0.008050
130,0.036162,0.956057,0.000223,0.005949,0.000600,0.000307,0.000638,0.000008,0.000000,0.000055
131,0.010211,0.000283,0.000208,0.001605,0.966791,0.015723,0.004442,0.000056,0.000679,0.000003
132,0.813482,0.001895,0.000556,0.000038,0.011142,0.001413,0.002989,0.160320,0.000069,0.008096
133,0.946515,0.009241,0.000942,0.000887,0.006373,0.002988,0.005162,0.021242,0.000051,0.006599
134,0.037623,0.009100,0.017897,0.062972,0.346063,0.115489,0.105452,0.035527,0.213290,0.056588
135,0.878421,0.012304,0.033026,0.021449,0.005047,0.033826,0.006986,0.001086,0.002883,0.004971
136,0.124030,0.016251,0.003214,0.767856,0.009459,0.070240,0.003723,0.002203,0.000421,0.002604
137,0.014989,0.008466,0.015308,0.005421,0.000700,0.936762,0.002824,0.000324,0.015158,0.000049
138,0.005147,0.000900,0.983909,0.000395,0.005529,0.003677,0.000228,0.000008,0.000176,0.000031
139,0.292138,0.048448,0.149705,0.128497,0.062076,0.209266,0.081161,0.015766,0.008618,0.004324
140,0.742492,0.152506,0.002601,0.002670,0.004885,0.006216,0.006133,0.075942,0.000472,0.006083
141,0.738727,0.057888,0.003622,0.004228,0.008728,0.007733,0.005476,0.165064,0.006430,0.002103
142,0.214730,0.021165,0.010135,0.002342,0.011095,0.001823,0.015749,0.703322,0.000489,0.019150
143,0.491318,0.289407,0.003478,0.003451,0.117047,0.009781,0.075023,0.010135,0.000148,0.000213
144,0.973883,0.004067,0.000364,0.000146,0.001066,0.000116,0.001502,0.018642,0.000002,0.000214
145,0.386370,0.042353,0.037454,0.060937,0.035132,0.186404,0.142065,0.010744,0.025972,0.072571
146,0.630475,0.006350,0.000691,0.000051,0.002186,0.000553,0.002390,0.336868,0.019780,0.000656
147,0.172417,0.768956,0.000100,0.010228,0.004660,0.000152,0.023277,0.019700,0.000025,0.000485
148,0.708250,0.031712,0.002342,0.063520,0.080458,0.060055,0.028637,0.016829,0.004460,0.003737
149,0.011642,0.021648,0.007715,0.000263,0.931048,0.004878,0.004851,0.000006,0.017883,0.000065
150,0.725086,0.236109,0.008454,0.003267,0.013508,0.004676,0.005155,0.003270,0.000344,0.000131
151,0.215976,0.741813,0.010806,0.013330,0.001331,0.003103,0.012776,0.000092,0.000676,0.000097
152,0.653241,0.005531,0.015421,0.065554,0.066033,0.082387,0.034756,0.043532,0.028155,0.005390
153,0.040620,0.951046,0.000824,0.002441,0.001487,0.000071,0.003343,0.000098,0.000016,0.000054
154,0.080118,0.062151,0.040982,0.156589,0.390692,0.031806,0.230566,0.002435,0.000842,0.003819
155,0.233694,0.316479,0.041880,0.086886,0.034602,0.234287,0.017999,0.000533,0.001677,0.031963
156,0.827475,0.109657,0.005781,0.022854,0.004770,0.013403,0.006060,0.005524,0.000506,0.003972
157,0.159121,0.017181,0.080082,0.000838,0.096967,0.023874,0.260225,0.239789,0.003066,0.118857
158,0.601407,0.036906,0.004060,0.011057,0.052162,0.032578,0.060922,0.195112,0.003301,0.002496
159,0.635679,0.045172,0.003130,0.021932,0.051674,0.028501,0.055493,0.147296,0.007822,0.003301
160,0.574907,0.054436,0.006967,0.024451,0.153179,0.047937,0.104917,0.000800,0.024763,0.007643
161,0.825892,0.047480,0.003965,0.001272,0.050102,0.004743,0.048850,0.013238,0.003386,0.001073
162,0.324016,0.074458,0.098439,0.076103,0.029835,0.225010,0.125849,0.004024,0.029551,0.012716
163,0.586423,0.016308,0.022671,0.007226,0.098051,0.060934,0.054087,0.143148,0.004706,0.006446
164,0.027317,0.861871,0.002158,0.017004,0.000051,0.090996,0.000571,0.000011,0.000010,0.000011
165,0.175590,0.018062,0.012837,0.346492,0.106274,0.096786,0.056710,0.018765,0.003723,0.164761
166,0.605583,0.095433,0.026382,0.022188,0.015936,0.045863,0.026218,0.131245,0.017272,0.013880
167,0.304020,0.016979,0.008085,0.037675,0.204734,0.061397,0.059528,0.247403,0.037222,0.022956
168,0.772417,0.042863,0.039117,0.000370,0.038707,0.022705,0.060042,0.016081,0.001742,0.005956
169,0.497229,0.047067,0.057508,0.100356,0.011243,0.269472,0.003181,0.004759,0.000106,0.009081
170,0.384092,0.057989,0.003688,0.269518,0.145778,0.078682,0.012437,0.018120,0.001817,0.027880
171,0.055610,0.887972,0.003386,0.033888,0.000403,0.003628,0.015075,0.000016,0.000007,0.000014
172,0.334905,0.028259,0.015972,0.026770,0.214788,0.186721,0.016484,0.146081,0.001550,0.028470
173,0.505953,0.001550,0.001951,0.001636,0.071673,0.007691,0.024543,0.378230,0.003429,0.003345
174,0.538709,0.025633,0.005113,0.042966,0.040199,0.062320,0.001782,0.230510,0.004324,0.048445
175,0.973100,0.011589,0.006775,0.001050,0.000914,0.001085,0.004396,0.000586,0.000169,0.000338
176,0.178043,0.812626,0.000486,0.004773,0.000829,0.000147,0.002900,0.000155,0.000003,0.000038
177,0.764704,0.165030,0.039156,0.000544,0.005721,0.013773,0.003996,0.004874,0.000237,0.001964
178,0.656069,0.098728,0.003924,0.012239,0.127719,0.018134,0.053543,0.002407,0.000299,0.026937
179,0.303616,0.020810,0.039918,0.012211,0.018190,0.319942,0.004013,0.076511,0.000354,0.204436
180,0.647405,0.066615,0.018814,0.021998,0.025985,0.011136,0.133654,0.007697,0.000137,0.066558
181,0.895874,0.002563,0.000320,0.000990,0.001323,0.003298,0.001368,0.083701,0.000052,0.010511
182,0.827482,0.047722,0.003055,0.031457,0.036106,0.017536,0.005537,0.029891,0.000036,0.001178
183,0.007263,0.989873,0.000985,0.001161,0.000133,0.000105,0.000475,0.000001,0.000002,0.000001
184,0.255158,0.196180,0.048941,0.037154,0.002905,0.171417,0.286713,0.000093,0.000749,0.000689
185,0.602518,0.175216,0.015290,0.051682,0.050950,0.067000,0.022330,0.002614,0.011714,0.000685
186,0.963304,0.013978,0.000725,0.000172,0.015690,0.002092,0.001066,0.002245,0.000009,0.000719
187,0.008448,0.001097,0.970694,0.000688,0.002712,0.011123,0.000559,0.000738,0.003899,0.000042
188,0.709959,0.004587,0.040759,0.025095,0.015678,0.126010,0.007262,0.060617,0.003024,0.007008
189,0.680439,0.114274,0.020365,0.025071,0.046031,0.010604,0.079320,0.012828,0.001331,0.009738
190,0.300097,0.039306,0.005264,0.336898,0.076465,0.054266,0.036108,0.011872,0.000468,0.139256
191,0.343196,0.418055,0.075851,0.034831,0.023856,0.033913,0.043141,0.009215,0.001306,0.016636
192,0.104209,0.862247,0.028302,0.003444,0.000701,0.000556,0.000387,0.000036,0.000042,0.000076
193,0.768382,0.083217,0.004373,0.002529,0.070629,0.014718,0.027976,0.016788,0.005206,0.006181
194,0.114435,0.002317,0.022680,0.040464,0.105766,0.157762,0.022697,0.000535,0.528738,0.004606
195,0.827457,0.022392,0.000233,0.021096,0.054482,0.012721,0.043449,0.010505,0.004655,0.003009
196,0.060711,0.048310,0.880525,0.000681,0.000653,0.007897,0.000440,0.000425,0.000060,0.000299
197,0.002517,0.165689,0.830701,0.000088,0.000066,0.000082,0.000218,0.000009,0.000624,0.000006
198,0.946364,0.044561,0.000042,0.000178,0.003892,0.002716,0.001509,0.000669,0.000033,0.000037
199,0.513114,0.378877,0.006525,0.021149,0.000359,0.000953,0.071142,0.003132,0.000053,0.004696
200,0.610636,0.044198,0.002777,0.144356,0.063623,0.027075,0.014315,0.080253,0.001583,0.011184
201,0.099593,0.828624,0.005538,0.011363,0.000274,0.000469,0.053512,0.000439,0.000063,0.000126
202,0.657192,0.048109,0.022461,0.071927,0.078531,0.085582,0.016975,0.005454,0.011831,0.001939
203,0.009019,0.000808,0.000116,0.051368,0.003901,0.004376,0.359881,0.000584,0.000459,0.569487
204,0.937323,0.050735,0.002381,0.000199,0.000485,0.002246,0.000665,0.003383,0.000025,0.002558
205,0.304988,0.054535,0.050870,0.367267,0.025230,0.083327,0.017104,0.003236,0.001571,0.091872
206,0.698849,0.062037,0.014687,0.004369,0.067609,0.060942,0.041988,0.036906,0.003462,0.009150
207,0.128360,0.488432,0.097292,0.008423,0.029533,0.169282,0.007683,0.001872,0.055628,0.013494
208,0.673369,0.096782,0.013501,0.019674,0.052307,0.018974,0.095246,0.019123,0.000208,0.010816
209,0.271090,0.192047,0.015537,0.166803,0.217272,0.015479,0.075289,0.008203,0.018145,0.020135
210,0.053369,0.023877,0.849215,0.002881,0.006295,0.052463,0.003370,0.003423,0.004952,0.000157
211,0.688552,0.079409,0.007784,0.149182,0.003675,0.033626,0.009483,0.025889,0.000797,0.001604
212,0.064135,0.248235,0.050906,0.439120,0.065553,0.091370,0.007812,0.000811,0.028264,0.003795
213,0.256618,0.025960,0.015162,0.117517,0.020793,0.075427,0.011553,0.055600,0.002374,0.418996
214,0.844223,0.064949,0.003808,0.005329,0.042655,0.009736,0.013106,0.009832,0.003124,0.003238
215,0.962313,0.013689,0.009418,0.000035,0.003731,0.000429,0.001777,0.008359,0.000141,0.000106
216,0.818568,0.029511,0.005151,0.036311,0.032245,0.038805,0.018677,0.016447,0.003781,0.000503
217,0.805524,0.002327,0.004131,0.020484,0.022328,0.065743,0.033843,0.033017,0.002612,0.009990
218,0.273540,0.692519,0.007832,0.000612,0.002960,0.001673,0.010630,0.008379,0.000495,0.001360
219,0.415012,0.116798,0.035943,0.161034,0.021789,0.164854,0.017796,0.017443,0.006500,0.042830
220,0.708110,0.219206,0.003089,0.012912,0.017296,0.024959,0.009867,0.003824,0.000247,0.000491
221,0.396630,0.048982,0.027693,0.004981,0.376220,0.080288,0.032297,0.018680,0.013947,0.000279
222,0.935130,0.003870,0.006392,0.014104,0.022597,0.003817,0.002775,0.009139,0.000311,0.001867
223,0.895634,0.097224,0.001123,0.000307,0.001130,0.000744,0.001873,0.001414,0.000025,0.000526
224,0.841128,0.031599,0.003003,0.005866,0.080183,0.012960,0.009357,0.013188,0.001349,0.001367
225,0.200866,0.462766,0.004226,0.328240,0.000344,0.001569,0.000317,0.000018,0.000004,0.001649
226,0.109310,0.388493,0.400353,0.000346,0.012605,0.059207,0.005955,0.002305,0.011709,0.009717
227,0.965164,0.006173,0.005360,0.000315,0.009250,0.008572,0.004192,0.000675,0.000114,0.000183
228,0.039334,0.042328,0.071100,0.230618,0.128001,0.039056,0.006550,0.001329,0.034066,0.407618
229,0.039767,0.157500,0.766738,0.002291,0.003969,0.020137,0.004615,0.001025,0.001089,0.002870
230,0.908911,0.058389,0.007689,0.001154,0.006760,0.000849,0.014593,0.001332,0.000115,0.000206
231,0.569591,0.210644,0.119552,0.026336,0.018227,0.025386,0.020506,0.007442,0.001714,0.000602
232,0.131343,0.011217,0.090179,0.108099,0.017946,0.084249,0.008132,0.510275,0.007903,0.030658
233,0.248311,0.112154,0.010388,0.408818,0.146169,0.011625,0.030954,0.004591,0.000611,0.026379
234,0.888091,0.013392,0.003520,0.000403,0.028003,0.001002,0.044978,0.012286,0.000334,0.007990
235,0.261665,0.001333,0.001690,0.030033,0.046929,0.148739,0.048137,0.405431,0.007844,0.048200
236,0.904636,0.016493,0.000983,0.000474,0.020437,0.002080,0.038183,0.014575,0.000791,0.001349
237,0.136872,0.027488,0.805634,0.001663,0.003918,0.013793,0.004424,0.003625,0.000629,0.001954
238,0.022251,0.003132,0.008535,0.062113,0.838721,0.054621,0.005974,0.001478,0.002936,0.000240
239,0.797932,0.020512,0.003000,0.008359,0.087586,0.019324,0.008112,0.037128,0.000867,0.017181
240,0.833975,0.002089,0.036301,0.000237,0.011855,0.012122,0.041033,0.059666,0.001969,0.000753
241,0.589800,0.024259,0.018017,0.004563,0.011482,0.006584,0.054812,0.255443,0.019576,0.015464
242,0.816956,0.084452,0.004511,0.000889,0.012812,0.003474,0.011006,0.003173,0.000841,0.061886
243,0.641852,0.011414,0.002171,0.001138,0.021242,0.004202,0.159941,0.117875,0.033317,0.006848
244,0.793494,0.124224,0.007302,0.021078,0.016418,0.010499,0.010796,0.006024,0.008539,0.001625
245,0.701044,0.030828,0.105747,0.007962,0.078140,0.013676,0.013457,0.014766,0.006176,0.028205
246,0.694411,0.113708,0.019073,0.092279,0.022775,0.007255,0.018538,0.005239,0.000243,0.026479
247,0.067340,0.810971,0.051727,0.005664,0.000889,0.002576,0.039610,0.000641,0.018600,0.001982
248,0.115327,0.746878,0.056621,0.005043,0.006332,0.040830,0.027252,0.000270,0.000132,0.001315
249,0.686978,0.234270,0.007142,0.013465,0.007261,0.004798,0.042679,0.001358,0.000079,0.001970
250,0.253743,0.725766,0.004791,0.004168,0.002186,0.002300,0.005492,0.001015,0.000059,0.000478
251,0.997414,0.000314,0.000081,0.000000,0.000170,0.000023,0.000006,0.001959,0.000005,0.000028
252,0.724507,0.061296,0.031290,0.039621,0.014296,0.039920,0.031807,0.021336,0.002367,0.033559
253,0.785270,0.116393,0.001990,0.000449,0.084789,0.001082,0.005647,0.003585,0.000049,0.000745
254,0.192749,0.136217,0.600924,0.015027,0.021437,0.011888,0.017577,0.002507,0.000983,0.000689
255,0.918955,0.008609,0.001788,0.001568,0.033914,0.027512,0.002317,0.003026,0.002073,0.000238
256,0.108988,0.816934,0.004545,0.000080,0.000011,0.002609,0.013641,0.000058,0.000000,0.053135
257,0.760193,0.032988,0.002212,0.007909,0.074370,0.022172,0.013293,0.079803,0.004062,0.002999
258,0.406831,0.104405,0.007247,0.426390,0.013452,0.013727,0.008566,0.008282,0.004964,0.006137
259,0.883551,0.012599,0.002381,0.000650,0.020929,0.003226,0.051890,0.019740,0.001204,0.003830
260,0.415941,0.141232,0.007123,0.250543,0.062544,0.064431,0.045126,0.004189,0.000556,0.008316
261,0.138674,0.005951,0.003818,0.012011,0.018092,0.805707,0.005573,0.008679,0.001235,0.000258
262,0.783122,0.160867,0.000986,0.017262,0.011164,0.009020,0.014516,0.001530,0.000111,0.001422
263,0.926727,0.033774,0.013483,0.000315,0.002050,0.002389,0.010542,0.007609,0.000695,0.002417
264,0.576170,0.129553,0.038289,0.018066,0.085527,0.022967,0.078475,0.007039,0.004362,0.039552
265,0.421116,0.107338,0.001385,0.411870,0.008815,0.040395,0.005092,0.001491,0.000063,0.002435
266,0.047181,0.150991,0.020319,0.760556,0.001222,0.010662,0.005160,0.000461,0.000042,0.003406
267,0.844431,0.025606,0.005755,0.001172,0.095573,0.000396,0.024159,0.001054,0.000491,0.001364
268,0.858348,0.006888,0.000053,0.001224,0.000329,0.022663,0.009211,0.099535,0.001290,0.000459
269,0.628990,0.348639,0.000723,0.013944,0.001107,0.000915,0.002677,0.000786,0.000046,0.002172
270,0.305869,0.011652,0.001282,0.032741,0.067643,0.018944,0.022387,0.463788,0.000803,0.074892
271,0.300469,0.620084,0.000364,0.013324,0.000533,0.001384,0.026812,0.000141,0.000008,0.036881
272,0.133548,0.383855,0.228686,0.002252,0.001363,0.000851,0.247449,0.000287,0.000526,0.001183
273,0.134951,0.037032,0.025102,0.100880,0.144649,0.380759,0.117191,0.016817,0.002275,0.040344
274,0.138953,0.029560,0.028450,0.120188,0.088007,0.330644,0.035050,0.009036,0.217665,0.002446
275,0.096987,0.019247,0.001634,0.005564,0.013559,0.000337,0.497124,0.293689,0.000181,0.071678
276,0.561218,0.158016,0.001237,0.031218,0.142050,0.077274,0.025410,0.002013,0.000739,0.000824
277,0.285926,0.004134,0.001364,0.018397,0.554282,0.040556,0.035211,0.057591,0.001213,0.001327
278,0.771963,0.086190,0.000450,0.000324,0.002693,0.000519,0.001031,0.136330,0.000216,0.000284
279,0.212023,0.019560,0.003134,0.541948,0.016123,0.032282,0.004554,0.158988,0.003022,0.008366
280,0.445977,0.024187,0.001569,0.000698,0.105825,0.027687,0.359433,0.014543,0.019797,0.000285
281,0.078246,0.017942,0.067254,0.243969,0.336487,0.193920,0.030216,0.009783,0.011546,0.010637
282,0.987142,0.006005,0.001838,0.000683,0.002416,0.001038,0.000287,0.000191,0.000003,0.000398
283,0.839703,0.002661,0.001284,0.002408,0.000471,0.028192,0.003390,0.115011,0.000284,0.006596
284,0.469655,0.040029,0.006585,0.016071,0.073129,0.093500,0.019435,0.277729,0.000345,0.003520
285,0.524098,0.014420,0.001035,0.000682,0.008495,0.008565,0.004798,0.429536,0.001899,0.006472
286,0.031146,0.807269,0.127140,0.002831,0.001137,0.001726,0.017329,0.000429,0.000314,0.010678
287,0.224542,0.022906,0.171926,0.129615,0.214887,0.060511,0.064529,0.012158,0.049147,0.049779
288,0.693343,0.023707,0.018390,0.002422,0.067484,0.006925,0.012637,0.117733,0.010235,0.047125
289,0.217209,0.010012,0.000064,0.053437,0.003261,0.000278,0.056176,0.630237,0.000262,0.029065
290,0.863261,0.083471,0.002277,0.001017,0.003143,0.001867,0.002454,0.011294,0.000002,0.031214
291,0.982020,0.002110,0.001280,0.000188,0.000383,0.000616,0.000150,0.009219,0.000061,0.003972
292,0.755062,0.008390,0.001340,0.018108,0.032620,0.010232,0.011085,0.153131,0.001166,0.008867
293,0.002270,0.000429,0.044792,0.000286,0.000097,0.018018,0.000507,0.039296,0.002617,0.891686
294,0.887639,0.014732,0.002055,0.004907,0.004732,0.022165,0.016268,0.044505,0.000846,0.002151
295,0.098447,0.001782,0.000351,0.013997,0.529346,0.292501,0.027657,0.032422,0.000541,0.002956
296,0.094544,0.026301,0.004188,0.274447,0.000179,0.327771,0.000213,0.160168,0.000487,0.111702
297,0.931943,0.006306,0.005047,0.004830,0.005128,0.016861,0.006871,0.010780,0.008556,0.003677
298,0.801820,0.091983,0.002937,0.030202,0.032833,0.026740,0.006644,0.005656,0.000358,0.000828
299,0.914717,0.014491,0.001988,0.000199,0.001268,0.000893,0.021894,0.043220,0.000676,0.000654
300,0.920038,0.035506,0.000033,0.000223,0.031938,0.000369,0.001622,0.009882,0.000010,0.000379
301,0.855363,0.024199,0.005903,0.000420,0.020318,0.001137,0.017911,0.035416,0.001096,0.038236
302,0.843686,0.019080,0.004844,0.002123,0.045823,0.003054,0.001313,0.073556,0.000451,0.006070
303,0.381315,0.024781,0.000510,0.009271,0.027584,0.036432,0.007341,0.456298,0.047517,0.008950
304,0.971141,0.002210,0.001202,0.001441,0.010594,0.000638,0.010106,0.002111,0.000265,0.000291
305,0.002965,0.027245,0.612706,0.000478,0.000195,0.336569,0.010881,0.000209,0.007830,0.000921
306,0.965534,0.002334,0.009912,0.000407,0.000062,0.000112,0.001866,0.015023,0.002747,0.002003
307,0.876134,0.001669,0.000042,0.001776,0.002781,0.000288,0.031220,0.084572,0.000013,0.001507
308,0.978493,0.016635,0.001009,0.000555,0.001017,0.000301,0.000446,0.000071,0.000001,0.001470
309,0.459031,0.027085,0.008676,0.015501,0.334743,0.033881,0.100953,0.014534,0.000862,0.004734
310,0.894383,0.072722,0.000823,0.000262,0.004730,0.000507,0.010468,0.015127,0.000594,0.000384
311,0.362358,0.014739,0.010504,0.001697,0.097369,0.010391,0.012626,0.462695,0.000223,0.027398
312,0.005050,0.004549,0.983830,0.000031,0.000050,0.001578,0.000581,0.001415,0.001452,0.001464
313,0.374799,0.568691,0.020173,0.023350,0.001545,0.006323,0.002834,0.000691,0.000057,0.001537
314,0.282741,0.327440,0.117585,0.127690,0.014077,0.016975,0.102096,0.000494,0.003641,0.007260
315,0.030665,0.887435,0.027729,0.001435,0.002627,0.041933,0.007127,0.000072,0.000245,0.000732
316,0.251087,0.058859,0.487217,0.002562,0.010904,0.056447,0.027829,0.037445,0.054781,0.012868
317,0.091572,0.836052,0.059561,0.000431,0.000471,0.002990,0.002306,0.000340,0.004543,0.001735
318,0.862708,0.008603,0.004421,0.001081,0.032858,0.025508,0.015515,0.041689,0.004702,0.002915
319,0.262574,0.711159,0.008205,0.000355,0.004032,0.003231,0.005805,0.003222,0.001099,0.000318
320,0.979750,0.012176,0.001148,0.001137,0.001955,0.001237,0.000971,0.000602,0.000230,0.000794
321,0.871328,0.060031,0.020028,0.003120,0.008401,0.001319,0.016927,0.010545,0.000135,0.008165
322,0.154838,0.731072,0.012541,0.059956,0.015085,0.007543,0.014700,0.001316,0.002230,0.000719
323,0.406820,0.001558,0.009545,0.001067,0.042558,0.032307,0.019497,0.479434,0.001804,0.005410
324,0.803980,0.050369,0.008253,0.001464,0.009378,0.001323,0.037506,0.083965,0.000016,0.003746
325,0.953852,0.003876,0.000688,0.000707,0.000128,0.000963,0.000157,0.006921,0.000041,0.032667
326,0.136667,0.013990,0.001722,0.009151,0.011334,0.015659,0.017308,0.782718,0.003088,0.008365
327,0.033932,0.002544,0.023137,0.002276,0.048047,0.705296,0.001455,0.003016,0.180166,0.000130
328,0.794669,0.021304,0.006751,0.017792,0.128611,0.018030,0.005802,0.003959,0.001823,0.001259
329,0.773870,0.082679,0.003950,0.014306,0.043999,0.008545,0.058930,0.009025,0.000162,0.004533
330,0.789766,0.018521,0.000560,0.005385,0.102071,0.016601,0.031707,0.021312,0.000499,0.013577
331,0.248647,0.004067,0.000168,0.678438,0.005802,0.002181,0.002115,0.049087,0.000291,0.009204
332,0.074660,0.001934,0.785577,0.000110,0.077292,0.002562,0.032552,0.017608,0.000875,0.006830
333,0.687483,0.088956,0.051793,0.005033,0.006931,0.028219,0.015423,0.044724,0.003083,0.068355
334,0.967173,0.010600,0.000148,0.000043,0.000500,0.000095,0.002859,0.017543,0.000026,0.001013
335,0.980060,0.004128,0.002825,0.000552,0.001889,0.003437,0.001302,0.004075,0.001341,0.000391
336,0.539442,0.008925,0.098699,0.003828,0.015643,0.007726,0.044146,0.263181,0.003792,0.014617
337,0.740295,0.015472,0.005563,0.001536,0.103051,0.014491,0.002053,0.074323,0.000036,0.043181
338,0.199725,0.018154,0.041059,0.010403,0.064104,0.021937,0.025167,0.593848,0.002822,0.022781
339,0.049642,0.002871,0.371186,0.000312,0.148490,0.408221,0.007230,0.006027,0.005915,0.000106
340,0.025259,0.005544,0.008871,0.668928,0.006683,0.270656,0.002110,0.000101,0.010068,0.001781
341,0.365031,0.003646,0.002047,0.272519,0.007924,0.051836,0.002818,0.278513,0.000701,0.014967
342,0.205600,0.116770,0.013563,0.293248,0.059486,0.264417,0.039061,0.002945,0.002542,0.002367
343,0.852348,0.002292,0.002671,0.001322,0.108546,0.006321,0.004574,0.014414,0.000025,0.007487
344,0.263209,0.679356,0.023125,0.005560,0.015988,0.003824,0.006574,0.000166,0.000156,0.002042
345,0.769112,0.011078,0.000868,0.000422,0.004337,0.003784,0.007665,0.192311,0.003630,0.006792
346,0.440485,0.446102,0.022235,0.040499,0.019434,0.026328,0.002947,0.000458,0.001016,0.000497
347,0.140286,0.093445,0.341922,0.000775,0.096528,0.302596,0.020050,0.001036,0.003063,0.000299
348,0.008301,0.002251,0.966470,0.000658,0.011909,0.006829,0.000073,0.000026,0.003463,0.000021
349,0.042382,0.003945,0.007806,0.029190,0.538782,0.351485,0.008369,0.003286,0.003463,0.011292
350,0.824176,0.127977,0.036605,0.000292,0.000634,0.006233,0.001856,0.001387,0.000380,0.000461
351,0.971568,0.019649,0.000685,0.001248,0.000814,0.001889,0.003452,0.000489,0.000102,0.000103
352,0.048299,0.010354,0.512351,0.000744,0.025490,0.301532,0.007310,0.004343,0.088182,0.001394
353,0.131689,0.176505,0.274519,0.162198,0.070628,0.040694,0.129030,0.000257,0.014303,0.000177
354,0.465660,0.069542,0.022888,0.012674,0.046292,0.360394,0.009909,0.007229,0.002675,0.002737
355,0.879095,0.080516,0.003901,0.001037,0.008542,0.006144,0.004010,0.011449,0.000379,0.004927
356,0.977602,0.011466,0.001568,0.000207,0.000524,0.000321,0.000239,0.006073,0.000020,0.001980
357,0.330322,0.004452,0.000539,0.010944,0.024538,0.024064,0.020627,0.567916,0.015571,0.001028
358,0.006484,0.005109,0.988112,0.000082,0.000005,0.000180,0.000011,0.000000,0.000008,0.000008
359,0.544261,0.099933,0.057176,0.059787,0.056943,0.029551,0.076447,0.017765,0.000576,0.057562
360,0.969661,0.010888,0.000246,0.000116,0.006760,0.001390,0.002091,0.006710,0.000792,0.001347
361,0.152620,0.000576,0.000154,0.000640,0.001513,0.001541,0.002845,0.730384,0.000346,0.109382
362,0.505987,0.005315,0.000202,0.001395,0.469638,0.000897,0.001099,0.014966,0.000016,0.000486
363,0.748552,0.006037,0.000778,0.000480,0.008227,0.003725,0.004251,0.224992,0.000456,0.002502
364,0.021791,0.636337,0.308259,0.002232,0.005121,0.023209,0.000852,0.000116,0.001890,0.000192
365,0.069648,0.271743,0.013872,0.210902,0.087710,0.218051,0.055800,0.000519,0.071180,0.000575
366,0.093204,0.004064,0.787792,0.003543,0.035894,0.059392,0.005646,0.002188,0.007742,0.000535
367,0.871791,0.049161,0.004086,0.000448,0.048938,0.001681,0.009056,0.012781,0.001375,0.000684
368,0.374186,0.459353,0.013531,0.059856,0.001403,0.084509,0.005158,0.000159,0.000967,0.000876
369,0.045937,0.115366,0.014817,0.803108,0.006230,0.012071,0.001887,0.000327,0.000014,0.000244
370,0.110831,0.030509,0.014406,0.176847,0.003775,0.644624,0.013171,0.000988,0.002864,0.001986
371,0.536650,0.088390,0.026542,0.012710,0.093310,0.076926,0.008853,0.144177,0.000845,0.011597
372,0.322637,0.649994,0.001395,0.001162,0.001195,0.000943,0.005679,0.012104,0.000045,0.004847
373,0.770682,0.018719,0.004207,0.012838,0.054879,0.047588,0.067801,0.019925,0.001056,0.002305
374,0.348983,0.010082,0.009612,0.018780,0.211603,0.047553,0.079064,0.070350,0.012199,0.191774
375,0.924758,0.049319,0.003543,0.007155,0.004940,0.001863,0.005121,0.001460,0.000737,0.001105
376,0.435533,0.094764,0.011595,0.193582,0.122579,0.087546,0.013860,0.010395,0.007840,0.022306
377,0.361556,0.347459,0.072178,0.134243,0.010001,0.033160,0.028202,0.005059,0.000320,0.007822
378,0.962489,0.033225,0.000136,0.000089,0.001174,0.002226,0.000244,0.000396,0.000005,0.000017
379,0.979560,0.010161,0.001242,0.000307,0.000359,0.002224,0.000406,0.003699,0.001024,0.001018
380,0.780002,0.096519,0.004369,0.008442,0.001078,0.002142,0.050685,0.012596,0.000105,0.044062
381,0.556884,0.011918,0.002815,0.003260,0.029263,0.017374,0.002143,0.370578,0.000768,0.004996
382,0.954395,0.028824,0.000561,0.000979,0.001118,0.000760,0.001365,0.008491,0.001260,0.002247
383,0.900602,0.012837,0.011820,0.001197,0.007415,0.010944,0.002120,0.050883,0.000505,0.001678
384,0.937561,0.051603,0.001004,0.001126,0.000926,0.000945,0.004338,0.001536,0.000008,0.000954
385,0.691058,0.009949,0.004425,0.204378,0.033619,0.015046,0.005536,0.021683,0.000923,0.013382
386,0.084532,0.024246,0.240328,0.021796,0.050765,0.463757,0.039523,0.001351,0.072901,0.000801
387,0.040122,0.026799,0.855967,0.010865,0.000248,0.062570,0.000843,0.000796,0.000685,0.001105
388,0.919834,0.054161,0.002986,0.005895,0.007533,0.002933,0.005883,0.000545,0.000052,0.000178
389,0.972437,0.015445,0.002447,0.001417,0.000520,0.001108,0.000206,0.001137,0.000038,0.005246
390,0.104200,0.656136,0.022154,0.082205,0.002128,0.109191,0.005143,0.002978,0.003742,0.012123
391,0.337750,0.057152,0.019525,0.040116,0.199134,0.014183,0.092235,0.025785,0.000683,0.213437
392,0.933759,0.008605,0.022660,0.000112,0.001572,0.006860,0.005217,0.012011,0.000153,0.009050
393,0.129093,0.012954,0.000145,0.062443,0.079271,0.503633,0.090868,0.056624,0.001551,0.063418
394,0.886538,0.097066,0.002631,0.000153,0.006630,0.001697,0.004782,0.000218,0.000266,0.000018
395,0.002924,0.000922,0.000322,0.982013,0.000137,0.000998,0.000242,0.000040,0.000004,0.012398
396,0.183586,0.037407,0.069918,0.004497,0.233154,0.014178,0.379596,0.027830,0.023558,0.026275
397,0.930150,0.036619,0.001480,0.000150,0.007492,0.000838,0.021099,0.000967,0.000591,0.000615
398,0.294018,0.127765,0.034691,0.208895,0.029267,0.170119,0.061212,0.014351,0.039954,0.019729
399,0.166578,0.008577,0.034233,0.010584,0.000828,0.022521,0.002696,0.743205,0.000392,0.010387
400,0.175109,0.000151,0.000096,0.001315,0.000944,0.001376,0.000731,0.814915,0.000150,0.005213
401,0.166831,0.737417,0.045438,0.000297,0.001881,0.041041,0.002485,0.000068,0.003738,0.000804
402,0.907843,0.065036,0.017231,0.001720,0.001916,0.002809,0.000170,0.001207,0.000045,0.002022
403,0.143604,0.017359,0.000516,0.586863,0.012966,0.039273,0.042012,0.016511,0.000055,0.140843
404,0.401752,0.573863,0.004170,0.010022,0.000517,0.002263,0.006934,0.000096,0.000040,0.000343
405,0.513099,0.367298,0.010916,0.003678,0.052629,0.005581,0.031235,0.001544,0.000141,0.013879
406,0.005262,0.978784,0.009649,0.005077,0.000098,0.000512,0.000584,0.000004,0.000002,0.000027
407,0.544035,0.157852,0.040963,0.024137,0.122705,0.082197,0.014865,0.002355,0.000104,0.010788
408,0.650882,0.162717,0.026049,0.045407,0.008752,0.021953,0.048927,0.002732,0.000222,0.032359
409,0.923144,0.059674,0.004330,0.000515,0.001411,0.000929,0.000890,0.005718,0.000258,0.003130
410,0.919594,0.036625,0.000081,0.001013,0.005209,0.000651,0.002719,0.030600,0.000517,0.002992
411,0.826196,0.006803,0.002259,0.002913,0.001392,0.003645,0.000201,0.155010,0.000152,0.001428
412,0.429502,0.057308,0.009637,0.259181,0.065118,0.112498,0.050439,0.009869,0.001061,0.005388
413,0.263026,0.005986,0.010962,0.003289,0.003437,0.033381,0.008317,0.665388,0.005017,0.001196
414,0.680933,0.008036,0.005866,0.004753,0.060660,0.013114,0.110442,0.083620,0.018579,0.013996
415,0.342036,0.601404,0.033825,0.001823,0.006575,0.003839,0.008058,0.001577,0.000183,0.000681
416,0.985538,0.008216,0.000203,0.000277,0.002359,0.000670,0.002240,0.000268,0.000040,0.000188
417,0.000698,0.002955,0.000266,0.004968,0.013655,0.007076,0.003365,0.000037,0.960854,0.006124
418,0.978653,0.005002,0.000651,0.000133,0.001821,0.001267,0.000514,0.008572,0.003211,0.000175
419,0.062683,0.008978,0.000716,0.177222,0.005674,0.727262,0.003886,0.013170,0.000324,0.000085
420,0.265786,0.078314,0.373313,0.006304,0.166822,0.057694,0.032934,0.000434,0.017137,0.001262
421,0.915187,0.034111,0.007580,0.013745,0.000519,0.010476,0.014001,0.001601,0.000250,0.002532
422,0.504373,0.111818,0.044677,0.042807,0.054552,0.085962,0.071000,0.040976,0.026052,0.017783
423,0.395115,0.235213,0.001757,0.001261,0.042830,0.000789,0.290248,0.004404,0.000052,0.028331
424,0.546648,0.066101,0.004365,0.082264,0.052600,0.114342,0.101546,0.008763,0.019932,0.003439
425,0.670011,0.039198,0.004962,0.002979,0.010822,0.004362,0.009845,0.248180,0.004114,0.005527
