Sample_id,Class_1,Class_2,Class_3,Class_4,Class_5,Class_6,Class_7,Class_8,Class_9,Class_10
1,0.158685,0.072193,0.444565,0.004403,0.027708,0.071922,0.196753,0.003160,0.016043,0.004568
2,0.110810,0.029246,0.071751,0.006947,0.008750,0.012701,0.042781,0.004492,0.710604,0.001919
3,0.896356,0.019324,0.000465,0.000751,0.026239,0.004806,0.014770,0.030166,0.000056,0.007066
4,0.960287,0.011168,0.001503,0.002614,0.008781,0.003450,0.006457,0.002944,0.001047,0.001749
5,0.961451,0.002123,0.000597,0.000424,0.000469,0.012381,0.000526,0.019675,0.001416,0.000937
6,0.448166,0.002792,0.001672,0.005299,0.265666,0.074030,0.075614,0.124604,0.000144,0.002013
7,0.136171,0.039831,0.007199,0.033163,0.381986,0.068908,0.041841,0.002888,0.283398,0.004615
8,0.658947,0.005931,0.002539,0.001459,0.101353,0.003345,0.020402,0.192090,0.000780,0.013154
9,0.971736,0.001243,0.001540,0.000654,0.011106,0.001514,0.008337,0.003440,0.000023,0.000407
10,0.303301,0.594065,0.050436,0.003805,0.003558,0.004961,0.005889,0.010686,0.022677,0.000624
11,0.845657,0.017824,0.004181,0.000644,0.034196,0.013693,0.074742,0.008469,0.000066,0.000526
12,0.232595,0.105189,0.040719,0.148447,0.113641,0.006921,0.018673,0.066516,0.000028,0.267271
13,0.819340,0.087734,0.005876,0.008520,0.018793,0.013868,0.032899,0.001854,0.001586,0.009531
14,0.175602,0.017529,0.041510,0.288099,0.039572,0.024949,0.006940,0.135357,0.133499,0.136945
15,0.361769,0.049895,0.003260,0.465388,0.004719,0.086709,0.022677,0.002097,0.000507,0.002980
16,0.439024,0.035659,0.002109,0.030243,0.020353,0.004516,0.024096,0.416875,0.000254,0.026871
17,0.325615,0.288526,0.078976,0.033885,0.101342,0.112108,0.019391,0.012819,0.020987,0.006351
18,0.990428,0.006817,0.000305,0.000098,0.000736,0.001151,0.000146,0.000247,0.000068,0.000004
19,0.117690,0.008771,0.490734,0.004631,0.002408,0.311088,0.011866,0.047590,0.003886,0.001336
20,0.149719,0.818576,0.001864,0.004753,0.007061,0.002066,0.011342,0.000086,0.004275,0.000258
21,0.167864,0.423426,0.396436,0.000499,0.000559,0.002206,0.007526,0.000190,0.000296,0.000998
22,0.703282,0.005000,0.034768,0.002285,0.011344,0.075937,0.030738,0.112308,0.001406,0.022930
23,0.938324,0.012447,0.006290,0.021417,0.005430,0.005711,0.002045,0.006798,0.000056,0.001482
24,0.595259,0.159555,0.011688,0.039239,0.006673,0.092548,0.029691,0.035941,0.000649,0.028758
25,0.828843,0.093569,0.028970,0.000840,0.002266,0.008710,0.008218,0.027140,0.000253,0.001193
26,0.064675,0.122203,0.040431,0.562423,0.070587,0.015530,0.106422,0.000628,0.001238,0.015863
27,0.030610,0.369035,0.565716,0.002217,0.001261,0.020496,0.008339,0.000197,0.001762,0.000368
28,0.309267,0.002222,0.021921,0.002222,0.014966,0.012801,0.006883,0.594748,0.024192,0.010779
29,0.604527,0.003055,0.003838,0.010144,0.046729,0.066917,0.016700,0.192479,0.051291,0.004320
30,0.947161,0.011318,0.003418,0.000907,0.008296,0.010646,0.006401,0.009101,0.002708,0.000044
31,0.066290,0.021880,0.010855,0.573564,0.010920,0.029418,0.045584,0.002888,0.000111,0.238490
32,0.974577,0.004862,0.004263,0.000907,0.002588,0.000524,0.002301,0.002479,0.000128,0.007371
33,0.738535,0.026917,0.002731,0.000893,0.006452,0.005676,0.043683,0.145178,0.000324,0.029611
34,0.506891,0.018682,0.024378,0.047707,0.053496,0.124630,0.015204,0.082430,0.090263,0.036319
35,0.174258,0.127422,0.003120,0.657881,0.001773,0.003170,0.001613,0.001051,0.000287,0.029424
36,0.032819,0.078475,0.061190,0.072335,0.004762,0.743651,0.001104,0.002922,0.000526,0.002216
37,0.895402,0.029620,0.002100,0.014137,0.004390,0.006056,0.008765,0.037086,0.000284,0.002159
38,0.935449,0.001132,0.000557,0.001056,0.033912,0.006126,0.003509,0.012792,0.005259,0.000208
39,0.984541,0.010091,0.000319,0.001316,0.000952,0.000416,0.000120,0.001650,0.000020,0.000573
40,0.289087,0.590159,0.020167,0.031283,0.020413,0.035518,0.007400,0.001715,0.002905,0.001354
41,0.784683,0.007800,0.003991,0.002595,0.055088,0.021402,0.051007,0.043547,0.001916,0.027971
42,0.556155,0.401218,0.004083,0.001250,0.008302,0.003201,0.002096,0.005842,0.013197,0.004655
43,0.027043,0.001025,0.725210,0.000268,0.008485,0.012436,0.065679,0.017454,0.002732,0.139670
44,0.532119,0.082995,0.107929,0.028290,0.038392,0.063581,0.021440,0.101465,0.016652,0.007136
45,0.916422,0.034921,0.012771,0.006432,0.004201,0.005954,0.008415,0.001507,0.000828,0.008550
46,0.063687,0.924041,0.006966,0.000304,0.003066,0.000729,0.000942,0.000121,0.000129,0.000015
47,0.260028,0.686711,0.007286,0.005048,0.015206,0.002035,0.020189,0.000131,0.002986,0.000380
48,0.892645,0.054718,0.000819,0.007720,0.012870,0.013861,0.016202,0.000587,0.000279,0.000300
49,0.223391,0.013972,0.003304,0.248922,0.047276,0.213424,0.005877,0.215919,0.000292,0.027624
50,0.727854,0.069164,0.008282,0.017681,0.022339,0.073399,0.022812,0.039633,0.013379,0.005457
51,0.012968,0.918334,0.067430,0.000633,0.000009,0.000513,0.000093,0.000003,0.000001,0.000018
52,0.177829,0.046533,0.455002,0.002250,0.026979,0.269772,0.002538,0.011282,0.007726,0.000089
53,0.245281,0.075342,0.017915,0.183838,0.023479,0.169757,0.261279,0.006206,0.009574,0.007329
54,0.660510,0.022964,0.002994,0.009168,0.203890,0.011244,0.019383,0.064925,0.001403,0.003519
55,0.002441,0.002518,0.987644,0.000023,0.000122,0.004446,0.000039,0.000077,0.002676,0.000015
56,0.033719,0.025401,0.873517,0.002802,0.003108,0.010776,0.002404,0.000257,0.047580,0.000437
57,0.075611,0.048449,0.003483,0.052759,0.417565,0.238265,0.018190,0.011365,0.049109,0.085204
58,0.957546,0.019487,0.004527,0.000255,0.004564,0.000892,0.001632,0.009624,0.000184,0.001289
59,0.000118,0.000933,0.922809,0.000443,0.021896,0.026253,0.000029,0.000012,0.027501,0.000006
60,0.461028,0.441779,0.010019,0.003804,0.038648,0.012963,0.017068,0.013043,0.000135,0.001513
61,0.654737,0.014803,0.005640,0.062459,0.041881,0.046580,0.124934,0.013251,0.002804,0.032911
62,0.928720,0.015893,0.032600,0.002167,0.005414,0.007087,0.002313,0.002807,0.000183,0.002817
63,0.102365,0.199360,0.001982,0.553570,0.050170,0.042154,0.015619,0.014425,0.001374,0.018981
64,0.969934,0.000763,0.001358,0.004952,0.000964,0.002907,0.001723,0.016466,0.000577,0.000356
65,0.328032,0.013019,0.023336,0.101095,0.099784,0.260705,0.076709,0.013358,0.080389,0.003571
66,0.449842,0.477993,0.007563,0.004019,0.011959,0.001089,0.001556,0.000375,0.000105,0.045500
67,0.830123,0.020438,0.010836,0.005437,0.001816,0.045285,0.001258,0.054104,0.027007,0.003695
68,0.063394,0.813530,0.002290,0.093283,0.005833,0.002766,0.017726,0.000311,0.000016,0.000850
69,0.087919,0.835652,0.024773,0.023071,0.017737,0.006287,0.003695,0.000101,0.000233,0.000532
70,0.743466,0.060428,0.092645,0.024758,0.020118,0.017471,0.007091,0.014947,0.002397,0.016679
71,0.975737,0.000353,0.000539,0.000001,0.001583,0.000441,0.000347,0.019982,0.000089,0.000928
72,0.450419,0.030940,0.013747,0.008316,0.358255,0.017239,0.036505,0.069409,0.006469,0.008702
73,0.476061,0.014713,0.002777,0.054180,0.020281,0.103239,0.003228,0.307110,0.000480,0.017931
74,0.111057,0.010544,0.053724,0.018220,0.215710,0.008948,0.285349,0.009153,0.000210,0.287085
75,0.497385,0.002516,0.002951,0.000140,0.000888,0.000962,0.001667,0.490887,0.000672,0.001932
76,0.002943,0.774297,0.220606,0.000072,0.000075,0.001538,0.000406,0.000001,0.000052,0.000010
77,0.825933,0.138433,0.002935,0.002066,0.004146,0.008086,0.002305,0.015773,0.000024,0.000298
78,0.026784,0.060730,0.745871,0.004060,0.001325,0.106228,0.008819,0.000406,0.040505,0.005272
79,0.021838,0.003018,0.004917,0.003123,0.020051,0.083877,0.011276,0.000442,0.850611,0.000846
80,0.614828,0.082236,0.021234,0.025065,0.014371,0.026764,0.014453,0.027514,0.011558,0.161977
81,0.016764,0.049013,0.350443,0.008430,0.002840,0.232296,0.001883,0.000195,0.305896,0.032241
82,0.798126,0.016595,0.002711,0.015953,0.024156,0.003522,0.071896,0.055887,0.006349,0.004806
83,0.918909,0.012005,0.000409,0.000254,0.000834,0.001804,0.004265,0.052678,0.006366,0.002475
84,0.500937,0.458557,0.008796,0.014221,0.004436,0.006880,0.003736,0.001005,0.000024,0.001409
85,0.003228,0.008503,0.251013,0.002256,0.000832,0.024332,0.001637,0.000062,0.708123,0.000014
86,0.828367,0.004251,0.004820,0.000872,0.014745,0.002638,0.017692,0.107869,0.000136,0.018610
87,0.170577,0.238539,0.010317,0.419026,0.018111,0.003887,0.056194,0.000035,0.000023,0.083293
88,0.025963,0.195143,0.389025,0.022725,0.002935,0.356787,0.002159,0.000125,0.002257,0.002880
89,0.039796,0.001162,0.023006,0.244557,0.008744,0.021374,0.003180,0.625991,0.001246,0.030943
90,0.817727,0.010189,0.003080,0.020782,0.017012,0.018147,0.036505,0.065051,0.001952,0.009555
91,0.400936,0.014861,0.031809,0.025226,0.021803,0.129754,0.054744,0.010310,0.004262,0.306294
92,0.073391,0.301661,0.527458,0.014526,0.017721,0.019338,0.039819,0.001310,0.003987,0.000789
93,0.939433,0.019521,0.002730,0.000236,0.018374,0.004991,0.004216,0.009130,0.000551,0.000818
94,0.976860,0.004182,0.001610,0.000071,0.004873,0.000513,0.000786,0.010352,0.000451,0.000302
95,0.914279,0.068094,0.000778,0.000554,0.011590,0.001586,0.002519,0.000490,0.000082,0.000029
96,0.618971,0.012561,0.006281,0.137480,0.008702,0.046392,0.063485,0.045375,0.000934,0.059818
97,0.000216,0.000026,0.000394,0.000126,0.992212,0.006549,0.000347,0.000091,0.000030,0.000010
98,0.149067,0.331150,0.032508,0.301898,0.028150,0.093277,0.020604,0.036004,0.002583,0.004758
99,0.201435,0.701090,0.031694,0.001396,0.031725,0.007752,0.021853,0.001247,0.001469,0.000339
100,0.471697,0.021700,0.135360,0.017247,0.067528,0.062139,0.022345,0.089475,0.093230,0.019279
101,0.916547,0.005517,0.000961,0.000254,0.050079,0.001016,0.016745,0.007097,0.000077,0.001706
102,0.044668,0.004619,0.000995,0.748946,0.031389,0.009005,0.081260,0.006629,0.000280,0.072209
103,0.448263,0.025322,0.002872,0.072625,0.352656,0.008832,0.054831,0.010364,0.002617,0.021618
104,0.732626,0.022599,0.001282,0.014095,0.062710,0.024587,0.110835,0.029594,0.000149,0.001524
105,0.101138,0.105380,0.008309,0.389360,0.086476,0.013007,0.115460,0.023860,0.153423,0.003588
106,0.813287,0.144813,0.001724,0.000312,0.005038,0.001393,0.000208,0.026833,0.006327,0.000064
107,0.530176,0.002990,0.001688,0.001652,0.328629,0.006930,0.007683,0.115510,0.001931,0.002812
108,0.991820,0.002835,0.000097,0.001128,0.000444,0.001116,0.001761,0.000525,0.000090,0.000186
109,0.243721,0.628810,0.002558,0.083018,0.011640,0.015815,0.010761,0.000646,0.001868,0.001163
110,0.185012,0.002893,0.008499,0.011213,0.005244,0.001795,0.000505,0.777055,0.000043,0.007741
111,0.234094,0.363422,0.137799,0.135708,0.001189,0.032539,0.004487,0.079182,0.009716,0.001864
112,0.001701,0.981592,0.015385,0.000110,0.000012,0.000451,0.000542,0.000022,0.000167,0.000018
113,0.922647,0.010197,0.000935,0.000147,0.001283,0.002703,0.001778,0.058389,0.000770,0.001150
114,0.816960,0.012384,0.003205,0.002437,0.013590,0.002472,0.018153,0.108992,0.000857,0.020950
115,0.980402,0.007160,0.000941,0.000267,0.002603,0.000872,0.000477,0.006878,0.000385,0.000015
116,0.209970,0.000533,0.005927,0.130548,0.202937,0.032520,0.020852,0.286229,0.036925,0.073558
117,0.887209,0.026602,0.023605,0.001949,0.023304,0.003812,0.023114,0.002471,0.006845,0.001088
118,0.976885,0.009977,0.005765,0.000245,0.000361,0.001785,0.002955,0.001252,0.000242,0.000531
119,0.972266,0.003156,0.001357,0.000375,0.010598,0.001845,0.009067,0.000934,0.000241,0.000159
120,0.721145,0.135218,0.079231,0.002019,0.007094,0.003372,0.002465,0.032498,0.002910,0.014046
121,0.962345,0.003701,0.001570,0.000145,0.000468,0.010320,0.001207,0.019762,0.000026,0.000456
122,0.992228,0.003692,0.000092,0.000129,0.001558,0.000526,0.000341,0.001032,0.000015,0.000387
123,0.203227,0.541931,0.026047,0.087929,0.060320,0.054712,0.003633,0.001330,0.019353,0.001518
124,0.971704,0.006370,0.000860,0.000191,0.008437,0.002905,0.005492,0.003025,0.000538,0.000479
125,0.062743,0.018907,0.863177,0.001361,0.022175,0.011728,0.018095,0.000686,0.000335,0.000793
126,0.194635,0.111691,0.058321,0.022376,0.072092,0.092049,0.025914,0.006662,0.399075,0.017186
127,0.876328,0.049516,0.005848,0.001840,0.015877,0.006767,0.014084,0.017186,0.001488,0.011067
128,0.985752,0.007818,0.001968,0.000660,0.000329,0.001634,0.000825,0.000729,0.000003,0.000282
129,0.003427,0.131859,0.015699,0.431254,0.002230,0.027000,0.005195,0.000537,0.374444,0.008356
130,0.028675,0.958759,0.000057,0.007361,0.003703,0.000427,0.000991,0.000016,0.000001,0.000010
131,0.002331,0.000119,0.000148,0.000267,0.983958,0.011427,0.001531,0.000032,0.000187,0.000001
132,0.836952,0.001978,0.001766,0.000081,0.013942,0.002766,0.003121,0.135696,0.000081,0.003616
133,0.941339,0.005425,0.000590,0.000746,0.004000,0.002017,0.003416,0.034030,0.000023,0.008414
134,0.052785,0.024234,0.011347,0.079946,0.418173,0.089484,0.086463,0.029337,0.170736,0.037497
135,0.951715,0.009081,0.020560,0.005864,0.001086,0.007782,0.002804,0.000172,0.000649,0.000285
136,0.081453,0.016042,0.001877,0.822528,0.006130,0.063248,0.002755,0.003383,0.000245,0.002338
137,0.008865,0.004085,0.003330,0.003790,0.000449,0.974924,0.001590,0.000176,0.002741,0.000051
138,0.005743,0.000775,0.986873,0.000153,0.004020,0.002031,0.000068,0.000022,0.000230,0.000084
139,0.506900,0.015597,0.106319,0.058144,0.037900,0.110438,0.114334,0.029172,0.010157,0.011040
140,0.770544,0.075393,0.006840,0.008082,0.005628,0.026372,0.022952,0.072231,0.002078,0.009880
141,0.787607,0.095913,0.006579,0.005719,0.009800,0.010622,0.004104,0.073589,0.003961,0.002106
142,0.247370,0.022494,0.010462,0.001010,0.010626,0.001299,0.009984,0.681503,0.000324,0.014927
143,0.457562,0.223580,0.007126,0.005704,0.184137,0.016495,0.083520,0.019896,0.000494,0.001487
144,0.988019,0.001341,0.000151,0.000252,0.000918,0.000068,0.001805,0.007387,0.000001,0.000059
145,0.332572,0.040080,0.017461,0.071941,0.058211,0.180723,0.223372,0.005476,0.020369,0.049795
146,0.493408,0.002305,0.000592,0.000078,0.001798,0.000386,0.000807,0.471274,0.028233,0.001119
147,0.181045,0.728763,0.003757,0.022355,0.032934,0.002320,0.021797,0.005884,0.000977,0.000169
148,0.737029,0.024578,0.003145,0.028095,0.084982,0.053100,0.052898,0.011009,0.003475,0.001689
149,0.001332,0.005188,0.003643,0.000094,0.976592,0.001304,0.001697,0.000003,0.010136,0.000010
150,0.652287,0.317498,0.008189,0.001898,0.008734,0.002742,0.003310,0.004785,0.000274,0.000284
151,0.152580,0.828191,0.005286,0.005660,0.001189,0.001503,0.004797,0.000035,0.000664,0.000095
152,0.638129,0.003290,0.006675,0.091598,0.049239,0.057409,0.032033,0.068756,0.049010,0.003861
153,0.026526,0.967897,0.001408,0.001919,0.001126,0.000065,0.000980,0.000038,0.000019,0.000021
154,0.099218,0.081173,0.050216,0.094498,0.461723,0.028133,0.175039,0.003695,0.000807,0.005498
155,0.174154,0.276907,0.044267,0.043619,0.033018,0.386900,0.020106,0.000541,0.000788,0.019699
156,0.910247,0.045833,0.005932,0.014908,0.006004,0.006942,0.003573,0.003402,0.000253,0.002906
157,0.067849,0.015400,0.038163,0.001381,0.182165,0.017597,0.502762,0.122918,0.000501,0.051264
158,0.681435,0.071295,0.009885,0.005873,0.030173,0.022805,0.025427,0.147988,0.001721,0.003399
159,0.604674,0.025903,0.005570,0.024644,0.068922,0.049423,0.045828,0.159654,0.012689,0.002693
160,0.335446,0.017957,0.008656,0.057112,0.313813,0.084948,0.170219,0.000406,0.007058,0.004384
161,0.809216,0.029789,0.008853,0.001270,0.043249,0.006356,0.079347,0.018183,0.001645,0.002092
162,0.284114,0.057053,0.050076,0.045728,0.091350,0.284619,0.155733,0.001739,0.023748,0.005839
163,0.685314,0.015326,0.030473,0.003880,0.061466,0.042198,0.046523,0.098062,0.005657,0.011103
164,0.012319,0.808201,0.003271,0.039339,0.000078,0.134482,0.002201,0.000014,0.000064,0.000032
165,0.200138,0.017713,0.012955,0.359478,0.083406,0.092828,0.062578,0.012869,0.008675,0.149359
166,0.587931,0.102324,0.033533,0.031176,0.017775,0.068638,0.029741,0.094639,0.027934,0.006310
167,0.377116,0.022101,0.018526,0.021625,0.136175,0.050055,0.093806,0.171278,0.061139,0.048181
168,0.819535,0.036375,0.018772,0.000438,0.025833,0.009484,0.064179,0.017314,0.000340,0.007732
169,0.419090,0.043723,0.052699,0.166802,0.009386,0.290674,0.003189,0.003691,0.000077,0.010669
170,0.197309,0.040400,0.001883,0.461469,0.130767,0.097779,0.019232,0.015013,0.004931,0.031217
171,0.032943,0.917869,0.004555,0.022424,0.000548,0.001535,0.020077,0.000012,0.000002,0.000034
172,0.330059,0.015960,0.002585,0.043516,0.261035,0.183094,0.010087,0.119041,0.001944,0.032681
173,0.477843,0.001169,0.001021,0.000878,0.022823,0.006803,0.013830,0.472463,0.001514,0.001656
174,0.582654,0.018483,0.002855,0.140454,0.031309,0.091505,0.001136,0.101046,0.006404,0.024153
175,0.954003,0.025980,0.007801,0.001543,0.003572,0.001431,0.004773,0.000478,0.000240,0.000179
176,0.121482,0.875353,0.000464,0.000283,0.000667,0.000086,0.001321,0.000324,0.000004,0.000016
177,0.731005,0.225472,0.021671,0.000825,0.001901,0.009206,0.002052,0.004494,0.000315,0.003059
178,0.558954,0.070073,0.006097,0.016265,0.242366,0.031515,0.036925,0.005276,0.001024,0.031506
179,0.371967,0.022394,0.044384,0.015688,0.004300,0.357371,0.001526,0.063278,0.001121,0.117972
180,0.721567,0.046954,0.029101,0.029014,0.021553,0.009053,0.098595,0.008878,0.000147,0.035138
181,0.976756,0.003488,0.000542,0.000243,0.000180,0.001224,0.000411,0.015057,0.000027,0.002072
182,0.807887,0.030245,0.003547,0.021474,0.013695,0.016841,0.004159,0.096409,0.000044,0.005699
183,0.003201,0.996092,0.000513,0.000048,0.000077,0.000020,0.000046,0.000001,0.000001,0.000000
184,0.111391,0.113309,0.146078,0.039942,0.003645,0.169653,0.413527,0.000029,0.001114,0.001312
185,0.629467,0.196654,0.009979,0.037318,0.046491,0.047833,0.020206,0.002498,0.008676,0.000878
186,0.964093,0.010181,0.000453,0.000340,0.016229,0.003248,0.002377,0.002324,0.000008,0.000747
187,0.004175,0.000540,0.977907,0.000641,0.001735,0.011123,0.000541,0.000941,0.002312,0.000083
188,0.491474,0.002914,0.041822,0.030183,0.008269,0.252175,0.009926,0.153012,0.003678,0.006547
189,0.779185,0.088716,0.006313,0.017923,0.031784,0.006415,0.038665,0.014310,0.001009,0.015681
190,0.245773,0.051773,0.004388,0.434188,0.078066,0.058790,0.018793,0.010201,0.000554,0.097475
191,0.336802,0.368449,0.077544,0.022333,0.032159,0.028951,0.074298,0.013384,0.001613,0.044467
192,0.198763,0.776552,0.021839,0.000837,0.001018,0.000226,0.000312,0.000151,0.000029,0.000274
193,0.716272,0.073164,0.004300,0.002104,0.125545,0.009988,0.037077,0.021797,0.006077,0.003677
194,0.099104,0.001261,0.008806,0.024332,0.044633,0.159574,0.010982,0.001450,0.643808,0.006049
195,0.793538,0.023098,0.000528,0.059045,0.038235,0.034908,0.033661,0.009787,0.003999,0.003201
196,0.026318,0.019039,0.950761,0.000200,0.000168,0.002870,0.000241,0.000208,0.000023,0.000172
197,0.002249,0.263873,0.733221,0.000064,0.000058,0.000026,0.000137,0.000009,0.000348,0.000015
198,0.960558,0.016279,0.000125,0.000163,0.016517,0.003929,0.001862,0.000471,0.000043,0.000053
199,0.358695,0.526770,0.045772,0.009257,0.000331,0.000638,0.049744,0.001517,0.000380,0.006894
200,0.752118,0.028873,0.004075,0.069852,0.030216,0.024128,0.004896,0.075485,0.002981,0.007376
201,0.266252,0.685077,0.011284,0.001906,0.000698,0.000631,0.029856,0.003146,0.000022,0.001128
202,0.655543,0.060302,0.023256,0.068941,0.085765,0.073281,0.012208,0.003253,0.016650,0.000800
203,0.006858,0.000443,0.000046,0.102803,0.013525,0.010693,0.823680,0.000286,0.000099,0.041566
204,0.946927,0.044264,0.000754,0.000516,0.000751,0.001730,0.000615,0.001307,0.000017,0.003120
205,0.249854,0.049140,0.081236,0.365158,0.021066,0.069189,0.015879,0.002456,0.000812,0.145210
206,0.787751,0.104025,0.008665,0.003580,0.041758,0.029241,0.015314,0.005924,0.001246,0.002494
207,0.195978,0.400173,0.063868,0.023820,0.017205,0.202605,0.008705,0.005230,0.042327,0.040090
208,0.675968,0.091100,0.006910,0.020633,0.055720,0.011557,0.121261,0.011915,0.000284,0.004654
209,0.376287,0.148254,0.032913,0.094454,0.258667,0.011947,0.045169,0.003570,0.011758,0.016980
210,0.025915,0.023956,0.905111,0.001792,0.005794,0.030739,0.003155,0.001121,0.002338,0.000079
211,0.732743,0.068179,0.014900,0.102715,0.004845,0.035428,0.006854,0.030072,0.002021,0.002244
212,0.061730,0.293630,0.030388,0.393266,0.042276,0.106229,0.006131,0.000967,0.062376,0.003006
213,0.198765,0.017070,0.018188,0.094264,0.034369,0.109865,0.017125,0.093019,0.013607,0.403727
214,0.832237,0.037252,0.004063,0.003259,0.085967,0.011480,0.010526,0.010686,0.001923,0.002607
215,0.956679,0.016416,0.009363,0.000060,0.010148,0.000377,0.002341,0.004393,0.000167,0.000055
216,0.874702,0.022887,0.002718,0.010542,0.032738,0.024350,0.018557,0.012389,0.000698,0.000420
217,0.911053,0.001461,0.002072,0.006246,0.013501,0.031056,0.019128,0.012365,0.000870,0.002248
218,0.128242,0.855439,0.004681,0.000626,0.001171,0.000652,0.003532,0.003844,0.000667,0.001145
219,0.541041,0.132549,0.027579,0.092556,0.014777,0.109428,0.015045,0.012364,0.004784,0.049877
220,0.768040,0.162365,0.003616,0.004178,0.016209,0.023606,0.013181,0.007338,0.001050,0.000419
221,0.320345,0.041854,0.112497,0.001352,0.421364,0.056425,0.016806,0.014406,0.014870,0.000081
222,0.910789,0.004601,0.015956,0.010676,0.025226,0.006894,0.002268,0.020672,0.000645,0.002273
223,0.919624,0.071593,0.001621,0.000407,0.000743,0.000543,0.002166,0.002424,0.000060,0.000818
224,0.859060,0.040119,0.003788,0.003099,0.059116,0.013314,0.002172,0.016977,0.001670,0.000684
225,0.178418,0.457323,0.010474,0.349805,0.001212,0.001184,0.000396,0.000021,0.000029,0.001139
226,0.053247,0.198321,0.600235,0.000382,0.031722,0.090173,0.005236,0.003946,0.012332,0.004405
227,0.942306,0.005549,0.003280,0.000463,0.020505,0.011400,0.014970,0.001167,0.000095,0.000265
228,0.070544,0.157455,0.054153,0.324077,0.152320,0.042527,0.001944,0.000476,0.064132,0.132372
229,0.029528,0.131955,0.825080,0.000421,0.000934,0.008564,0.001422,0.000677,0.000281,0.001136
230,0.875706,0.084190,0.005733,0.003894,0.009320,0.000926,0.017344,0.002284,0.000388,0.000215
231,0.583561,0.137180,0.134904,0.032099,0.025575,0.032780,0.031486,0.018363,0.002612,0.001439
232,0.096515,0.007180,0.070048,0.057799,0.011081,0.058006,0.004670,0.628049,0.039905,0.026746
233,0.408293,0.191159,0.018082,0.225876,0.067052,0.015827,0.032436,0.003920,0.001517,0.035839
234,0.884873,0.004805,0.001933,0.000187,0.020874,0.000432,0.046232,0.027488,0.000297,0.012879
235,0.560672,0.004322,0.001082,0.057307,0.052439,0.151104,0.057461,0.106331,0.001389,0.007895
236,0.839125,0.019536,0.000910,0.000771,0.043763,0.003747,0.073184,0.015979,0.000681,0.002303
237,0.160675,0.084648,0.720108,0.003010,0.002637,0.012564,0.004702,0.004314,0.003826,0.003516
238,0.009441,0.002785,0.003636,0.036518,0.914075,0.028655,0.003612,0.000512,0.000703,0.000063
239,0.798301,0.026028,0.006230,0.009103,0.078696,0.015570,0.010118,0.021299,0.000571,0.034084
240,0.793863,0.002494,0.028902,0.000311,0.029593,0.009703,0.028325,0.103628,0.002457,0.000724
241,0.440115,0.021039,0.012350,0.005367,0.008090,0.008791,0.040228,0.428080,0.010475,0.025466
242,0.859737,0.078851,0.004218,0.000421,0.028209,0.002081,0.011391,0.002871,0.001202,0.011018
243,0.625561,0.006951,0.003864,0.001134,0.054002,0.007203,0.112406,0.161910,0.021201,0.005767
244,0.778124,0.124985,0.004700,0.028039,0.030796,0.011735,0.007662,0.003299,0.008547,0.002114
245,0.743417,0.026719,0.109623,0.003808,0.074878,0.010523,0.009645,0.007787,0.003302,0.010298
246,0.831172,0.070284,0.008013,0.028578,0.017231,0.003018,0.026083,0.003411,0.000069,0.012142
247,0.037077,0.801494,0.070312,0.005270,0.000685,0.002467,0.075000,0.000275,0.006593,0.000828
248,0.104550,0.797431,0.039185,0.006676,0.003254,0.030843,0.013983,0.000361,0.000645,0.003073
249,0.848875,0.095273,0.004960,0.013243,0.003592,0.005952,0.021293,0.000904,0.000102,0.005807
250,0.166842,0.807688,0.002749,0.013126,0.003282,0.002627,0.002407,0.000661,0.000119,0.000499
251,0.994258,0.000268,0.000408,0.000001,0.000430,0.000088,0.000016,0.004505,0.000004,0.000021
252,0.754765,0.033467,0.008874,0.073187,0.009943,0.033801,0.033305,0.018902,0.003214,0.030542
253,0.751233,0.055083,0.002311,0.000394,0.175269,0.001802,0.005538,0.007524,0.000274,0.000573
254,0.163394,0.211057,0.574662,0.007746,0.019961,0.007461,0.009977,0.002823,0.002130,0.000789
255,0.910609,0.010095,0.001187,0.001302,0.045565,0.026228,0.001473,0.001182,0.002282,0.000077
256,0.506133,0.468765,0.007081,0.000016,0.000380,0.003957,0.012771,0.000018,0.000001,0.000878
257,0.862316,0.010516,0.001670,0.002037,0.073985,0.009553,0.003576,0.033022,0.001445,0.001879
258,0.557030,0.068200,0.006781,0.309543,0.005676,0.009401,0.008602,0.014089,0.008634,0.012045
259,0.936335,0.007711,0.001682,0.000226,0.019761,0.001406,0.025965,0.005631,0.000225,0.001058
260,0.393902,0.174516,0.001573,0.194740,0.090490,0.056093,0.083474,0.001821,0.000093,0.003298
261,0.096778,0.004096,0.003625,0.014773,0.005025,0.861890,0.004198,0.007909,0.001455,0.000250
262,0.528856,0.382011,0.001449,0.034345,0.027970,0.010819,0.008976,0.003357,0.000898,0.001322
263,0.937515,0.024646,0.011755,0.001003,0.002470,0.003933,0.010900,0.005094,0.000495,0.002189
264,0.508801,0.124105,0.020935,0.011295,0.184486,0.016543,0.066261,0.007563,0.003275,0.056737
265,0.157827,0.047577,0.001105,0.745364,0.006376,0.037923,0.002496,0.000606,0.000066,0.000661
266,0.022189,0.120963,0.008075,0.835671,0.000728,0.007349,0.002863,0.000319,0.000122,0.001722
267,0.887708,0.026539,0.009305,0.000524,0.050100,0.000563,0.021569,0.001834,0.000286,0.001573
268,0.940061,0.004006,0.000008,0.001333,0.000250,0.008398,0.005828,0.039699,0.000149,0.000267
269,0.698353,0.238672,0.002549,0.018323,0.002827,0.001117,0.007775,0.013212,0.000171,0.017002
270,0.331781,0.013094,0.004045,0.064276,0.190837,0.056048,0.016995,0.274812,0.002184,0.045927
271,0.361751,0.503212,0.000453,0.034572,0.003811,0.004161,0.045000,0.000788,0.000060,0.046193
272,0.197018,0.420119,0.070906,0.010503,0.000856,0.001132,0.297468,0.000425,0.000249,0.001325
273,0.121843,0.036296,0.014281,0.128223,0.112807,0.408538,0.151176,0.009379,0.001239,0.016218
274,0.217062,0.038839,0.017884,0.082894,0.111031,0.257876,0.023633,0.008977,0.239649,0.002156
275,0.198438,0.019670,0.002527,0.023247,0.004339,0.000241,0.172554,0.487746,0.000043,0.091196
276,0.575559,0.113942,0.002823,0.037883,0.104596,0.116835,0.040873,0.002508,0.001718,0.003264
277,0.416171,0.004575,0.003590,0.005960,0.357181,0.031478,0.067986,0.110182,0.001115,0.001763
278,0.791788,0.132094,0.002532,0.000000,0.001233,0.000562,0.000404,0.003718,0.067655,0.000013
279,0.191738,0.012007,0.004330,0.445970,0.011244,0.025464,0.004866,0.280742,0.009563,0.014077
280,0.534111,0.024116,0.002738,0.000245,0.063282,0.014111,0.352171,0.006607,0.002529,0.000090
281,0.052085,0.012455,0.029573,0.184727,0.546022,0.132290,0.026411,0.003013,0.006327,0.007098
282,0.989922,0.003830,0.001471,0.001470,0.001314,0.001215,0.000114,0.000197,0.000009,0.000460
283,0.806023,0.001989,0.001773,0.001757,0.000331,0.031149,0.003432,0.143788,0.000938,0.008820
284,0.468703,0.020630,0.005100,0.014442,0.046293,0.101928,0.017278,0.321051,0.000339,0.004236
285,0.801475,0.032969,0.000585,0.000976,0.013317,0.013039,0.001531,0.121236,0.013826,0.001048
286,0.033673,0.846959,0.102913,0.000992,0.000382,0.000744,0.009011,0.000362,0.000229,0.004736
287,0.141461,0.019361,0.213493,0.055771,0.305123,0.064127,0.046741,0.018059,0.081185,0.054679
288,0.603295,0.007341,0.016674,0.001577,0.054684,0.004194,0.017529,0.194150,0.009002,0.091555
289,0.021770,0.000302,0.000089,0.007664,0.000834,0.000209,0.027753,0.870135,0.000093,0.071151
290,0.887900,0.095562,0.000563,0.000769,0.001655,0.000485,0.000885,0.003463,0.000004,0.008715
291,0.990831,0.002310,0.000557,0.000101,0.000094,0.000149,0.000049,0.003950,0.000126,0.001834
292,0.902214,0.005857,0.000459,0.010871,0.018425,0.004355,0.006692,0.044068,0.000282,0.006776
293,0.001465,0.000803,0.081210,0.000518,0.000173,0.021449,0.000448,0.028336,0.005017,0.860580
294,0.919068,0.010528,0.001640,0.002432,0.006613,0.019172,0.013723,0.024843,0.000400,0.001582
295,0.081547,0.001220,0.000506,0.006556,0.633786,0.215140,0.025649,0.033270,0.000572,0.001754
296,0.042720,0.015409,0.000188,0.632560,0.000185,0.201557,0.000142,0.079159,0.000047,0.028033
297,0.905243,0.009005,0.008530,0.001931,0.009670,0.016022,0.005110,0.020835,0.021274,0.002379
298,0.807362,0.138244,0.004495,0.007467,0.019835,0.013934,0.002088,0.004882,0.001293,0.000400
299,0.952873,0.006841,0.000847,0.000063,0.001053,0.000404,0.015813,0.021831,0.000116,0.000157
300,0.838231,0.056456,0.000185,0.000250,0.073968,0.001727,0.018498,0.010215,0.000016,0.000455
301,0.849232,0.028248,0.008318,0.000564,0.014821,0.000543,0.020802,0.029313,0.000582,0.047577
302,0.764078,0.006173,0.004226,0.001477,0.035346,0.001895,0.001073,0.155114,0.000637,0.029980
303,0.456243,0.057679,0.001708,0.005766,0.046663,0.060221,0.009131,0.280322,0.077938,0.004329
304,0.954101,0.001831,0.001744,0.001102,0.018006,0.001139,0.015576,0.004724,0.000528,0.001250
305,0.003391,0.110019,0.517454,0.002300,0.000449,0.345974,0.010385,0.000979,0.008172,0.000876
306,0.670532,0.000521,0.251158,0.000388,0.000185,0.000213,0.008244,0.004998,0.004709,0.059053
307,0.849306,0.001592,0.000217,0.000628,0.001520,0.000228,0.034533,0.109118,0.000013,0.002845
308,0.981462,0.014159,0.000305,0.001244,0.000829,0.000192,0.000513,0.000106,0.000001,0.001189
309,0.661939,0.011857,0.009706,0.019054,0.190597,0.021412,0.062246,0.014433,0.000750,0.008006
310,0.823449,0.122735,0.003680,0.001495,0.008487,0.001685,0.025677,0.008386,0.004205,0.000201
311,0.415203,0.014865,0.007828,0.000572,0.054893,0.003666,0.006558,0.475765,0.000412,0.020239
312,0.003202,0.005415,0.985312,0.000015,0.000059,0.000864,0.000343,0.000740,0.003660,0.000389
313,0.320799,0.624380,0.019643,0.022147,0.002012,0.006358,0.002425,0.000475,0.000061,0.001700
314,0.471919,0.167781,0.075619,0.070098,0.021443,0.012651,0.161758,0.000792,0.001105,0.016833
315,0.031747,0.869102,0.016063,0.006040,0.012394,0.047085,0.015406,0.000169,0.000104,0.001892
316,0.171722,0.040391,0.570281,0.001272,0.011197,0.039023,0.015156,0.053314,0.090042,0.007602
317,0.148517,0.801952,0.026821,0.001827,0.000703,0.007325,0.001740,0.000341,0.009659,0.001114
318,0.917451,0.006621,0.001590,0.002759,0.018990,0.018167,0.004730,0.023349,0.004120,0.002222
319,0.226065,0.743993,0.011872,0.000223,0.003890,0.002860,0.005685,0.002242,0.002942,0.000228
320,0.981655,0.011405,0.000532,0.000844,0.001411,0.001483,0.001064,0.000924,0.000113,0.000568
321,0.895278,0.039460,0.016181,0.001792,0.009135,0.000751,0.021700,0.010919,0.000431,0.004353
322,0.155308,0.643696,0.009192,0.138551,0.017626,0.013823,0.013973,0.000800,0.006509,0.000522
323,0.403071,0.000594,0.006147,0.000442,0.016165,0.017106,0.009898,0.539394,0.001396,0.005787
324,0.691983,0.024878,0.018693,0.000737,0.012850,0.000879,0.049649,0.193073,0.000010,0.007248
325,0.966105,0.002114,0.000336,0.000875,0.000027,0.000322,0.000088,0.001873,0.000051,0.028209
326,0.128193,0.006020,0.002207,0.003777,0.004387,0.023971,0.005213,0.811543,0.008194,0.006496
327,0.016426,0.000956,0.026756,0.000384,0.008817,0.703655,0.000281,0.005471,0.237117,0.000139
328,0.903491,0.007674,0.002104,0.009484,0.057794,0.011723,0.001761,0.004270,0.001275,0.000423
329,0.707170,0.078246,0.003950,0.036466,0.063828,0.006834,0.094321,0.005556,0.000209,0.003419
330,0.868643,0.014500,0.000469,0.001437,0.056957,0.006822,0.020232,0.023923,0.000537,0.006480
331,0.411236,0.002410,0.000721,0.467663,0.008277,0.004719,0.002971,0.083419,0.000727,0.017857
332,0.142899,0.002588,0.764812,0.000054,0.047261,0.000748,0.017438,0.018529,0.000411,0.005261
333,0.707530,0.067707,0.037906,0.004999,0.014717,0.038539,0.037354,0.048075,0.001191,0.041981
334,0.974253,0.006005,0.000132,0.000087,0.000703,0.000076,0.006726,0.011682,0.000012,0.000323
335,0.974413,0.005630,0.003640,0.000945,0.002235,0.004296,0.002108,0.005313,0.001126,0.000295
336,0.488322,0.014594,0.058737,0.028682,0.118279,0.005992,0.120482,0.126222,0.004631,0.034059
337,0.858055,0.005218,0.002592,0.000167,0.061487,0.004317,0.000760,0.048466,0.000002,0.018935
338,0.115814,0.022226,0.077533,0.009983,0.058561,0.033674,0.033816,0.614504,0.007104,0.026784
339,0.039129,0.004200,0.309483,0.000406,0.149828,0.486140,0.003276,0.003252,0.004261,0.000025
340,0.027414,0.010225,0.008680,0.703862,0.009278,0.219911,0.003644,0.000064,0.015152,0.001770
341,0.402186,0.002009,0.000910,0.203807,0.008588,0.042991,0.002352,0.329808,0.000493,0.006855
342,0.139003,0.127818,0.014487,0.308440,0.061896,0.307063,0.034597,0.002385,0.002414,0.001895
343,0.903450,0.001122,0.000816,0.001238,0.071096,0.002952,0.001691,0.010831,0.000038,0.006765
344,0.461614,0.471951,0.011784,0.005769,0.035663,0.005094,0.005634,0.000362,0.000245,0.001885
345,0.837380,0.006526,0.000505,0.000138,0.001261,0.001782,0.002593,0.138699,0.003363,0.007753
346,0.197877,0.749226,0.011548,0.017896,0.008094,0.010435,0.000577,0.000424,0.003599,0.000324
347,0.096033,0.077785,0.425722,0.000512,0.164879,0.214837,0.013472,0.002777,0.003663,0.000321
348,0.014461,0.002804,0.921165,0.005043,0.019121,0.028719,0.000143,0.000290,0.007941,0.000313
349,0.032818,0.003957,0.003499,0.033205,0.659504,0.249212,0.004184,0.002188,0.004643,0.006790
350,0.892246,0.076609,0.022412,0.000171,0.000527,0.005104,0.001272,0.000851,0.000397,0.000411
351,0.974497,0.016624,0.000933,0.002276,0.000437,0.002294,0.001982,0.000383,0.000419,0.000156
352,0.026853,0.016035,0.494608,0.000519,0.031058,0.323715,0.004553,0.003970,0.097903,0.000787
353,0.190717,0.128249,0.283477,0.144428,0.088974,0.030886,0.121925,0.000345,0.010803,0.000197
354,0.381238,0.140711,0.013406,0.014266,0.051229,0.384489,0.002751,0.005711,0.004182,0.002016
355,0.938532,0.028379,0.004796,0.000460,0.010102,0.005375,0.003157,0.005000,0.001097,0.003102
356,0.982323,0.005822,0.001319,0.000310,0.000400,0.000212,0.000395,0.006864,0.000016,0.002339
357,0.342793,0.002187,0.000250,0.003671,0.006669,0.007015,0.019906,0.614305,0.002563,0.000643
358,0.009203,0.003394,0.985084,0.000869,0.000004,0.001303,0.000007,0.000001,0.000042,0.000093
359,0.369639,0.056466,0.083055,0.057668,0.107491,0.033037,0.125114,0.032776,0.000832,0.133922
360,0.960172,0.010430,0.000538,0.000170,0.011471,0.003730,0.003185,0.007447,0.001813,0.001045
361,0.255619,0.000501,0.000223,0.001060,0.000675,0.001094,0.001552,0.682469,0.000139,0.056669
362,0.651122,0.003031,0.000189,0.000326,0.297563,0.000522,0.000872,0.046122,0.000011,0.000241
363,0.783636,0.003393,0.001001,0.000410,0.007540,0.004023,0.003645,0.193311,0.000221,0.002819
364,0.011298,0.677102,0.300775,0.000607,0.002633,0.006489,0.000643,0.000063,0.000295,0.000096
365,0.087315,0.239726,0.004807,0.235845,0.147213,0.099999,0.139560,0.001737,0.043172,0.000626
366,0.060836,0.007412,0.843070,0.003510,0.031661,0.041108,0.005348,0.000689,0.006146,0.000220
367,0.888044,0.026256,0.007742,0.000201,0.045075,0.001775,0.005513,0.022449,0.001003,0.001943
368,0.356258,0.568382,0.010080,0.026223,0.001750,0.029403,0.005522,0.000255,0.000356,0.001771
369,0.066128,0.228085,0.009479,0.669119,0.006284,0.017327,0.002268,0.000671,0.000098,0.000540
370,0.076113,0.020830,0.015557,0.185468,0.004026,0.682271,0.011295,0.000680,0.002487,0.001272
371,0.358676,0.085319,0.039987,0.009473,0.123751,0.048907,0.009630,0.303998,0.001421,0.018839
372,0.241899,0.738048,0.004324,0.000455,0.000901,0.001045,0.004295,0.004960,0.000138,0.003934
373,0.780084,0.019213,0.013769,0.006670,0.052415,0.069398,0.039847,0.015070,0.001394,0.002141
374,0.361407,0.008623,0.005071,0.039418,0.244459,0.068376,0.122997,0.069601,0.008803,0.071244
375,0.865973,0.095130,0.005857,0.011980,0.008969,0.001663,0.004682,0.001803,0.002307,0.001637
376,0.339229,0.062687,0.016894,0.194253,0.141114,0.160911,0.010065,0.021648,0.017372,0.035827
377,0.235373,0.592083,0.073241,0.050912,0.004849,0.021099,0.012672,0.002792,0.000245,0.006735
378,0.941169,0.049329,0.000302,0.000414,0.002756,0.004076,0.001304,0.000568,0.000020,0.000062
379,0.985448,0.006797,0.000844,0.000090,0.000661,0.001793,0.000276,0.003051,0.000495,0.000546
380,0.757937,0.061743,0.011507,0.007920,0.006265,0.002587,0.054093,0.042587,0.000629,0.054730
381,0.370941,0.001562,0.001558,0.005611,0.021127,0.018394,0.002246,0.568652,0.001076,0.008833
382,0.933367,0.028453,0.002353,0.000706,0.002435,0.001445,0.001013,0.023992,0.003061,0.003175
383,0.940059,0.009583,0.008433,0.000263,0.004912,0.003972,0.001181,0.030633,0.000198,0.000766
384,0.964371,0.024317,0.000900,0.001551,0.001680,0.001031,0.004731,0.000964,0.000009,0.000445
385,0.717543,0.009726,0.005119,0.168362,0.031485,0.032412,0.003785,0.017481,0.001032,0.013054
386,0.063815,0.017098,0.407446,0.016922,0.031472,0.379716,0.027394,0.001411,0.053699,0.001027
387,0.022048,0.032166,0.895274,0.003207,0.000278,0.043976,0.000542,0.000735,0.001148,0.000627
388,0.887958,0.090020,0.002617,0.010374,0.003394,0.002256,0.002534,0.000529,0.000080,0.000238
389,0.970144,0.011493,0.003351,0.003825,0.000427,0.001886,0.000258,0.002859,0.000172,0.005585
390,0.064036,0.831187,0.009096,0.042979,0.000397,0.039754,0.001305,0.000840,0.005637,0.004769
391,0.307626,0.022405,0.004974,0.043310,0.424785,0.010702,0.053350,0.023246,0.000227,0.109376
392,0.963848,0.004998,0.004161,0.000122,0.002107,0.002840,0.004831,0.011845,0.000102,0.005146
393,0.175916,0.012131,0.000201,0.053431,0.063739,0.490417,0.056341,0.023175,0.001551,0.123098
394,0.956625,0.039393,0.000555,0.000027,0.001030,0.000275,0.001900,0.000173,0.000019,0.000004
395,0.001961,0.001149,0.000513,0.987696,0.000057,0.000496,0.000105,0.000008,0.000005,0.008011
396,0.048834,0.006309,0.021331,0.003948,0.186314,0.009577,0.676733,0.022746,0.005219,0.018990
397,0.897492,0.038357,0.000954,0.000389,0.026873,0.000758,0.032578,0.000833,0.001378,0.000389
398,0.288303,0.112703,0.017239,0.322426,0.020680,0.140861,0.059790,0.014437,0.007682,0.015881
399,0.114951,0.001947,0.018697,0.002551,0.000671,0.011435,0.003299,0.821035,0.000343,0.025072
400,0.072522,0.000061,0.000135,0.000553,0.000417,0.002167,0.000282,0.921691,0.000150,0.002022
401,0.153286,0.702525,0.022731,0.000968,0.001783,0.108598,0.001779,0.000191,0.007893,0.000246
402,0.848262,0.146688,0.002660,0.000952,0.000507,0.000530,0.000092,0.000116,0.000016,0.000176
403,0.028593,0.002354,0.000147,0.806281,0.005039,0.018483,0.034799,0.006337,0.000020,0.097948
404,0.466361,0.508419,0.003693,0.009681,0.001067,0.002912,0.007082,0.000140,0.000186,0.000460
405,0.408036,0.428951,0.020951,0.003637,0.061028,0.005812,0.041691,0.002237,0.000233,0.027424
406,0.001221,0.992549,0.001856,0.003893,0.000076,0.000172,0.000217,0.000002,0.000000,0.000014
407,0.466341,0.261429,0.023941,0.058485,0.075600,0.085488,0.009123,0.002003,0.000164,0.017426
408,0.658042,0.117471,0.008851,0.067737,0.012283,0.014072,0.059326,0.002987,0.000213,0.059018
409,0.938114,0.038581,0.001338,0.003668,0.005473,0.001282,0.002846,0.007348,0.000232,0.001117
410,0.955830,0.015398,0.000271,0.000513,0.008151,0.001987,0.000974,0.010213,0.005538,0.001124
411,0.838216,0.004794,0.002896,0.001080,0.001311,0.002968,0.000219,0.146548,0.000111,0.001857
412,0.419539,0.065933,0.013004,0.153774,0.109120,0.157881,0.050686,0.015034,0.001004,0.014025
413,0.135591,0.002745,0.004855,0.001734,0.001203,0.018765,0.003249,0.824224,0.006698,0.000936
414,0.674257,0.005015,0.005665,0.007824,0.043839,0.017587,0.119731,0.090782,0.019009,0.016293
415,0.220045,0.746778,0.017798,0.000836,0.005414,0.001857,0.006073,0.000623,0.000097,0.000480
416,0.989400,0.003559,0.000075,0.000543,0.001917,0.000315,0.003674,0.000365,0.000016,0.000136
417,0.001477,0.003066,0.000169,0.023615,0.021594,0.005058,0.003035,0.000031,0.927779,0.014176
418,0.976634,0.003133,0.000811,0.000349,0.003318,0.001552,0.001033,0.007625,0.005341,0.000203
419,0.019007,0.004766,0.000596,0.204245,0.001574,0.764286,0.001539,0.003596,0.000362,0.000030
420,0.329008,0.035875,0.248975,0.005024,0.230978,0.086982,0.045719,0.001999,0.011747,0.003694
421,0.945745,0.016586,0.005144,0.012414,0.000403,0.005510,0.011093,0.001199,0.000183,0.001723
422,0.463776,0.220399,0.054439,0.038913,0.038895,0.062204,0.046621,0.041778,0.013158,0.019819
423,0.185818,0.049170,0.001646,0.000706,0.057710,0.001096,0.612731,0.017447,0.000132,0.073545
424,0.558641,0.049956,0.004448,0.080884,0.086393,0.106182,0.095099,0.003127,0.014181,0.001088
425,0.755474,0.033270,0.011148,0.001335,0.014242,0.005270,0.006105,0.160050,0.007296,0.005811
