Sample_id,Class_1,Class_2,Class_3,Class_4,Class_5,Class_6,Class_7,Class_8,Class_9,Class_10
1,0.162276,0.075712,0.413729,0.003724,0.023645,0.076718,0.217124,0.003725,0.017041,0.006307
2,0.117490,0.032997,0.065271,0.005869,0.007874,0.012432,0.044992,0.004833,0.705966,0.002276
3,0.885990,0.024222,0.000473,0.000733,0.026621,0.007465,0.015442,0.032888,0.000064,0.006103
4,0.959202,0.013224,0.001160,0.002264,0.007582,0.004506,0.007097,0.002756,0.000973,0.001237
5,0.961220,0.002575,0.000437,0.000309,0.000344,0.014176,0.000622,0.018522,0.001128,0.000667
6,0.434534,0.003785,0.001717,0.004980,0.255672,0.096134,0.087059,0.114004,0.000145,0.001970
7,0.117311,0.039826,0.006307,0.032010,0.423829,0.073736,0.045823,0.002851,0.254308,0.003999
8,0.650845,0.007785,0.003163,0.001325,0.102812,0.004293,0.019917,0.196659,0.000899,0.012302
9,0.973873,0.001578,0.001208,0.000511,0.008375,0.001974,0.009365,0.002814,0.000020,0.000283
10,0.302175,0.609830,0.037478,0.003360,0.002686,0.004241,0.003819,0.011461,0.024390,0.000560
11,0.837904,0.021238,0.003400,0.000548,0.028642,0.018159,0.081513,0.008053,0.000066,0.000476
12,0.212297,0.118743,0.047170,0.163016,0.097606,0.007863,0.011375,0.073981,0.000038,0.267912
13,0.806883,0.095937,0.004671,0.008077,0.017413,0.019358,0.035929,0.001991,0.001618,0.008123
14,0.169521,0.020893,0.046645,0.275809,0.035851,0.023293,0.005623,0.141592,0.142680,0.138094
15,0.350751,0.057221,0.001859,0.459035,0.003386,0.102414,0.020723,0.001810,0.000445,0.002358
16,0.437983,0.047461,0.002237,0.030739,0.017773,0.005454,0.016733,0.414997,0.000315,0.026308
17,0.316563,0.307744,0.070826,0.034690,0.095889,0.113076,0.017233,0.014910,0.022780,0.006289
18,0.989944,0.007661,0.000155,0.000077,0.000508,0.001250,0.000149,0.000203,0.000052,0.000002
19,0.139369,0.011473,0.480550,0.003909,0.001736,0.285518,0.013185,0.058055,0.004135,0.002070
20,0.149634,0.819390,0.001212,0.005314,0.007102,0.002626,0.009722,0.000097,0.004701,0.000203
21,0.201907,0.453541,0.332336,0.000475,0.000434,0.002580,0.006807,0.000277,0.000395,0.001249
22,0.685117,0.005898,0.034811,0.001684,0.008663,0.085680,0.035147,0.116083,0.001332,0.025587
23,0.942801,0.015209,0.004393,0.019063,0.003687,0.006214,0.001701,0.005894,0.000053,0.000984
24,0.569296,0.176332,0.009250,0.036721,0.005191,0.109637,0.025259,0.038760,0.000677,0.028877
25,0.828013,0.102909,0.022280,0.000663,0.001526,0.008798,0.006366,0.028090,0.000262,0.001094
26,0.059028,0.124215,0.032020,0.606505,0.060898,0.017310,0.082258,0.000615,0.001359,0.015792
27,0.038505,0.417499,0.506922,0.002469,0.001114,0.022064,0.008108,0.000311,0.002428,0.000578
28,0.308490,0.002836,0.026198,0.001685,0.012380,0.011931,0.006523,0.594145,0.024216,0.011594
29,0.614279,0.004098,0.003826,0.008665,0.043931,0.073947,0.020019,0.180807,0.046387,0.004042
30,0.950697,0.013512,0.002219,0.000702,0.006104,0.010604,0.006407,0.007496,0.002227,0.000030
31,0.058050,0.022802,0.009288,0.570483,0.008569,0.036460,0.037547,0.002883,0.000117,0.253799
32,0.977110,0.005640,0.003700,0.000716,0.001993,0.000679,0.002326,0.002417,0.000127,0.005291
33,0.720380,0.032201,0.002868,0.000745,0.005576,0.007665,0.040103,0.158226,0.000368,0.031866
34,0.498559,0.022301,0.024600,0.043373,0.050296,0.133082,0.016488,0.087850,0.087531,0.035919
35,0.156405,0.129369,0.002005,0.685428,0.001271,0.003435,0.001004,0.000982,0.000292,0.019809
36,0.034836,0.089241,0.051494,0.085340,0.004057,0.726723,0.001032,0.003980,0.000595,0.002702
37,0.896965,0.036915,0.001554,0.012644,0.003220,0.006913,0.006930,0.032919,0.000283,0.001659
38,0.939236,0.001491,0.000459,0.000866,0.031234,0.007223,0.004472,0.010563,0.004322,0.000135
39,0.983405,0.012016,0.000219,0.001197,0.000712,0.000510,0.000101,0.001525,0.000019,0.000296
40,0.280457,0.605236,0.014160,0.033306,0.017717,0.037129,0.005898,0.001897,0.003078,0.001122
41,0.761806,0.009474,0.004299,0.002241,0.054371,0.029817,0.062389,0.045859,0.001961,0.027784
42,0.541384,0.414176,0.003612,0.001228,0.008327,0.003715,0.001752,0.007214,0.014908,0.003683
43,0.016863,0.000697,0.728933,0.000118,0.004598,0.008475,0.050648,0.014716,0.002026,0.172926
44,0.536806,0.097255,0.100302,0.025529,0.031135,0.059425,0.017827,0.106792,0.017613,0.007317
45,0.917980,0.038202,0.009660,0.005490,0.003291,0.007517,0.008712,0.001547,0.000805,0.006795
46,0.065998,0.924459,0.004815,0.000340,0.002709,0.000738,0.000618,0.000148,0.000163,0.000012
47,0.260661,0.691103,0.004936,0.005342,0.014471,0.002502,0.017245,0.000142,0.003297,0.000300
48,0.881104,0.062263,0.000488,0.007488,0.011024,0.019051,0.017599,0.000531,0.000251,0.000201
49,0.205755,0.017428,0.003102,0.261891,0.040172,0.228869,0.004830,0.212218,0.000301,0.025434
50,0.714437,0.080258,0.006797,0.016186,0.019551,0.082097,0.022293,0.040455,0.012955,0.004971
51,0.016340,0.943357,0.038912,0.000755,0.000005,0.000548,0.000059,0.000004,0.000001,0.000019
52,0.215826,0.060024,0.432966,0.002291,0.023931,0.238529,0.002800,0.014805,0.008721,0.000108
53,0.235084,0.083291,0.012780,0.171440,0.019129,0.195727,0.259940,0.005846,0.008911,0.007853
54,0.651343,0.029372,0.003056,0.009298,0.206883,0.013589,0.017983,0.063995,0.001547,0.002934
55,0.002875,0.002629,0.988125,0.000019,0.000090,0.003091,0.000040,0.000116,0.002993,0.000021
56,0.041250,0.029412,0.854739,0.002714,0.002763,0.009983,0.002681,0.000354,0.055528,0.000576
57,0.054461,0.041892,0.003324,0.050199,0.455211,0.247361,0.017116,0.011828,0.043745,0.074861
58,0.956328,0.022362,0.003980,0.000209,0.003640,0.001026,0.001425,0.009890,0.000194,0.000946
59,0.000103,0.000772,0.939712,0.000409,0.019729,0.013185,0.000026,0.000015,0.026042,0.000007
60,0.437605,0.473854,0.008285,0.003889,0.033586,0.014607,0.012334,0.014346,0.000160,0.001334
61,0.631226,0.017656,0.004844,0.056650,0.037259,0.063168,0.142868,0.012484,0.002671,0.031174
62,0.935389,0.017703,0.025819,0.001769,0.003923,0.007878,0.002301,0.002874,0.000178,0.002166
63,0.081917,0.196212,0.001466,0.595625,0.042864,0.042576,0.009711,0.013191,0.001375,0.015063
64,0.977032,0.000993,0.000878,0.003477,0.000587,0.002948,0.001675,0.011746,0.000439,0.000225
65,0.324921,0.015607,0.019173,0.092113,0.090337,0.279304,0.092515,0.012412,0.070104,0.003514
66,0.448675,0.487222,0.007313,0.004675,0.012584,0.001613,0.001336,0.000528,0.000142,0.035912
67,0.835450,0.023703,0.008478,0.004320,0.001355,0.043375,0.001226,0.055380,0.023677,0.003036
68,0.057970,0.811525,0.001392,0.110371,0.004545,0.003203,0.009976,0.000304,0.000019,0.000695
69,0.088576,0.838680,0.017704,0.028218,0.016248,0.006977,0.002744,0.000122,0.000285,0.000447
70,0.751508,0.068629,0.083479,0.022521,0.015974,0.018237,0.006178,0.016115,0.002566,0.014794
71,0.973912,0.000429,0.000612,0.000001,0.001394,0.000588,0.000469,0.021796,0.000085,0.000714
72,0.429474,0.036774,0.015342,0.008038,0.369492,0.019354,0.033940,0.072162,0.007199,0.008226
73,0.461605,0.018965,0.002634,0.054089,0.017165,0.113688,0.002788,0.312694,0.000496,0.015876
74,0.092999,0.010615,0.064132,0.015690,0.193989,0.011103,0.260107,0.009390,0.000238,0.341737
75,0.511121,0.003282,0.003097,0.000100,0.000636,0.000957,0.001341,0.476957,0.000699,0.001810
76,0.004080,0.811642,0.181771,0.000096,0.000073,0.001835,0.000401,0.000001,0.000085,0.000017
77,0.809184,0.157943,0.001997,0.001935,0.002966,0.008650,0.001622,0.015464,0.000026,0.000215
78,0.030552,0.063681,0.724400,0.003831,0.001176,0.109987,0.010766,0.000625,0.046292,0.008690
79,0.023858,0.003620,0.005085,0.003174,0.025647,0.104216,0.019865,0.000559,0.812896,0.001080
80,0.598196,0.090696,0.021267,0.023344,0.013230,0.032599,0.013924,0.032615,0.012610,0.161520
81,0.016386,0.043745,0.344063,0.007879,0.002784,0.228256,0.002399,0.000305,0.309371,0.044814
82,0.811992,0.021560,0.002411,0.014105,0.020989,0.004283,0.065199,0.048790,0.006470,0.004200
83,0.917791,0.014425,0.000347,0.000194,0.000698,0.002232,0.004221,0.052065,0.006001,0.002025
84,0.487166,0.476431,0.005655,0.014710,0.003283,0.007984,0.002643,0.001063,0.000026,0.001038
85,0.004104,0.010087,0.216546,0.002258,0.000774,0.019879,0.002021,0.000083,0.744226,0.000021
86,0.827827,0.005429,0.005440,0.000708,0.012451,0.003420,0.017337,0.109269,0.000151,0.017967
87,0.154202,0.227220,0.007168,0.474191,0.015454,0.005932,0.047516,0.000037,0.000026,0.068255
88,0.029669,0.205796,0.336341,0.026884,0.002732,0.389119,0.002479,0.000204,0.002727,0.004051
89,0.041794,0.001680,0.028477,0.239387,0.006763,0.018925,0.002342,0.620733,0.001446,0.038453
90,0.822298,0.013158,0.002709,0.018318,0.014251,0.022515,0.036690,0.059550,0.001908,0.008602
91,0.350693,0.014894,0.029794,0.020163,0.018322,0.161099,0.064723,0.011070,0.003905,0.325338
92,0.084059,0.344919,0.478897,0.015616,0.015491,0.019391,0.033754,0.001669,0.005153,0.001052
93,0.936045,0.022699,0.002450,0.000205,0.016968,0.006206,0.004525,0.009703,0.000560,0.000638
94,0.977743,0.005000,0.001420,0.000054,0.003991,0.000573,0.000766,0.009820,0.000433,0.000200
95,0.908230,0.076273,0.000475,0.000526,0.009734,0.001934,0.002288,0.000447,0.000078,0.000016
96,0.620263,0.015911,0.005356,0.124231,0.006808,0.060030,0.063704,0.042760,0.000922,0.060015
97,0.000130,0.000021,0.000398,0.000105,0.994309,0.004627,0.000310,0.000070,0.000023,0.000008
98,0.138586,0.358963,0.024839,0.316054,0.021751,0.083519,0.012997,0.035864,0.002783,0.004644
99,0.201006,0.712688,0.025646,0.001429,0.029656,0.008417,0.017599,0.001484,0.001745,0.000328
100,0.467274,0.025171,0.143050,0.014516,0.059216,0.059318,0.022285,0.095231,0.093563,0.020377
101,0.913541,0.006883,0.000970,0.000226,0.049576,0.001509,0.018876,0.007000,0.000084,0.001337
102,0.038974,0.005388,0.000896,0.771483,0.027584,0.011543,0.067438,0.005634,0.000288,0.070772
103,0.419244,0.030193,0.002822,0.076790,0.375727,0.011749,0.053219,0.009873,0.002813,0.017571
104,0.729290,0.029353,0.001043,0.013824,0.055762,0.033418,0.109337,0.026472,0.000153,0.001347
105,0.096828,0.123271,0.007044,0.408926,0.081593,0.012668,0.082954,0.021335,0.161867,0.003515
106,0.798104,0.161540,0.001286,0.000280,0.004198,0.001218,0.000140,0.026844,0.006353,0.000038
107,0.508558,0.003902,0.001999,0.001535,0.352134,0.008165,0.008062,0.111356,0.002019,0.002269
108,0.991185,0.003411,0.000054,0.000891,0.000317,0.001550,0.002003,0.000414,0.000070,0.000104
109,0.228112,0.638555,0.001548,0.091876,0.010136,0.018176,0.008216,0.000644,0.001885,0.000852
110,0.192864,0.004108,0.010045,0.010540,0.003811,0.001639,0.000310,0.769490,0.000053,0.007140
111,0.244181,0.415789,0.096440,0.124334,0.000730,0.024341,0.002501,0.079479,0.010343,0.001864
112,0.002050,0.984990,0.011705,0.000130,0.000010,0.000452,0.000343,0.000037,0.000257,0.000028
113,0.920515,0.012249,0.000806,0.000113,0.001015,0.003121,0.001680,0.058838,0.000745,0.000917
114,0.816285,0.015610,0.003428,0.002098,0.012005,0.003141,0.016469,0.110577,0.000955,0.019433
115,0.981728,0.008658,0.000596,0.000206,0.001806,0.000825,0.000395,0.005450,0.000327,0.000008
116,0.212470,0.000772,0.007851,0.123663,0.211159,0.037416,0.024523,0.268590,0.037281,0.076275
117,0.892353,0.029631,0.018841,0.001577,0.019404,0.004294,0.024183,0.002349,0.006498,0.000871
118,0.978304,0.010741,0.003712,0.000169,0.000231,0.002050,0.003037,0.001159,0.000207,0.000392
119,0.971802,0.003748,0.000966,0.000293,0.008595,0.002398,0.011095,0.000789,0.000207,0.000106
120,0.712013,0.144112,0.077605,0.001719,0.005599,0.003281,0.001810,0.038021,0.003352,0.012489
121,0.961642,0.004417,0.001134,0.000104,0.000305,0.011904,0.001258,0.018855,0.000023,0.000358
122,0.991629,0.004454,0.000069,0.000113,0.001343,0.000778,0.000381,0.001000,0.000014,0.000220
123,0.194406,0.550250,0.019101,0.099691,0.057446,0.053345,0.002955,0.001487,0.020134,0.001186
124,0.969666,0.007510,0.000694,0.000155,0.007571,0.003915,0.006720,0.002927,0.000494,0.000348
125,0.067049,0.020581,0.861460,0.001211,0.017800,0.011578,0.018086,0.000828,0.000393,0.001014
126,0.184414,0.113854,0.055891,0.021179,0.074220,0.095687,0.027477,0.007881,0.401230,0.018167
127,0.868200,0.056694,0.005563,0.001652,0.014655,0.008716,0.013932,0.019069,0.001616,0.009902
128,0.985775,0.008819,0.001147,0.000509,0.000197,0.001970,0.000761,0.000643,0.000003,0.000177
129,0.002978,0.117813,0.012028,0.453839,0.001965,0.022078,0.003526,0.000598,0.375416,0.009761
130,0.026501,0.958542,0.000029,0.010463,0.003349,0.000544,0.000548,0.000016,0.000001,0.000006
131,0.001617,0.000107,0.000104,0.000231,0.986689,0.009423,0.001681,0.000022,0.000127,0.000000
132,0.830454,0.002541,0.002059,0.000064,0.012373,0.003485,0.003315,0.142432,0.000086,0.003191
133,0.940859,0.006919,0.000567,0.000651,0.003371,0.002871,0.003353,0.034636,0.000025,0.006748
134,0.042826,0.024193,0.012024,0.075335,0.444031,0.088244,0.078699,0.029077,0.165133,0.040438
135,0.962250,0.009709,0.010861,0.004316,0.000662,0.008262,0.003121,0.000144,0.000493,0.000182
136,0.072134,0.017727,0.001146,0.836469,0.004310,0.061455,0.002047,0.002786,0.000213,0.001712
137,0.008879,0.004328,0.002062,0.003494,0.000359,0.976259,0.002190,0.000198,0.002170,0.000061
138,0.005774,0.000747,0.988408,0.000124,0.003016,0.001511,0.000070,0.000027,0.000236,0.000086
139,0.518255,0.018892,0.093531,0.049074,0.029650,0.117938,0.122725,0.028051,0.009719,0.012164
140,0.758574,0.087626,0.005718,0.007042,0.004471,0.030337,0.019896,0.074669,0.002136,0.009532
141,0.775953,0.111775,0.005446,0.005178,0.007947,0.010626,0.003112,0.074170,0.004103,0.001689
142,0.228680,0.026173,0.012418,0.000825,0.008304,0.001258,0.006093,0.700163,0.000397,0.015688
143,0.440231,0.255727,0.006438,0.005965,0.180247,0.019908,0.068651,0.020856,0.000580,0.001397
144,0.990673,0.001791,0.000101,0.000193,0.000563,0.000084,0.001351,0.005211,0.000001,0.000033
145,0.288425,0.039961,0.013958,0.061246,0.051213,0.218422,0.253251,0.005309,0.017819,0.050395
146,0.505250,0.003039,0.000660,0.000057,0.001584,0.000388,0.000702,0.458993,0.028407,0.000920
147,0.164957,0.762150,0.002500,0.023403,0.026739,0.002173,0.011685,0.005190,0.001078,0.000126
148,0.723911,0.029994,0.002433,0.026918,0.078224,0.065877,0.058066,0.009972,0.003223,0.001382
149,0.000764,0.003055,0.002616,0.000072,0.984001,0.000880,0.001345,0.000002,0.007258,0.000006
150,0.636399,0.338901,0.005768,0.001789,0.006764,0.002792,0.002262,0.004827,0.000296,0.000202
151,0.158729,0.825105,0.002903,0.006003,0.000962,0.001749,0.003727,0.000037,0.000712,0.000072
152,0.662809,0.004506,0.005803,0.080630,0.042628,0.062529,0.036713,0.058117,0.042876,0.003388
153,0.026686,0.968522,0.000883,0.002328,0.000935,0.000069,0.000493,0.000041,0.000026,0.000016
154,0.096527,0.092577,0.049388,0.106510,0.459350,0.032626,0.152038,0.003898,0.000975,0.006111
155,0.151649,0.248041,0.032479,0.043644,0.028881,0.454126,0.020583,0.000648,0.000772,0.019177
156,0.907924,0.052523,0.004229,0.013833,0.004582,0.008165,0.003148,0.003291,0.000250,0.002056
157,0.060162,0.016747,0.053553,0.001189,0.177929,0.020658,0.447954,0.140803,0.000627,0.080378
158,0.673066,0.086031,0.009096,0.005370,0.025536,0.024507,0.020690,0.150580,0.001870,0.003253
159,0.612032,0.033715,0.005088,0.023281,0.062859,0.054150,0.043256,0.150291,0.012778,0.002551
160,0.289972,0.018011,0.006190,0.051557,0.297766,0.107853,0.219030,0.000353,0.005780,0.003487
161,0.807065,0.035165,0.008142,0.001079,0.038739,0.007879,0.080279,0.017961,0.001721,0.001970
162,0.257626,0.056819,0.037120,0.040081,0.079918,0.317095,0.183241,0.001714,0.020582,0.005805
163,0.675999,0.018357,0.031866,0.003233,0.054386,0.047247,0.049209,0.102198,0.005789,0.011716
164,0.012919,0.789172,0.001427,0.047264,0.000055,0.147249,0.001800,0.000016,0.000064,0.000033
165,0.183056,0.019894,0.012400,0.354077,0.078762,0.113276,0.065051,0.012983,0.008615,0.151885
166,0.587054,0.119227,0.028309,0.027783,0.014340,0.067467,0.025218,0.096206,0.028084,0.006312
167,0.355299,0.025951,0.020873,0.019227,0.134686,0.055633,0.093696,0.177756,0.063544,0.053334
168,0.808749,0.040857,0.018864,0.000362,0.022822,0.012457,0.067896,0.019449,0.000376,0.008168
169,0.411836,0.048660,0.037487,0.165088,0.006635,0.314095,0.003013,0.003916,0.000074,0.009194
170,0.167366,0.043637,0.001552,0.489702,0.125728,0.111603,0.016830,0.013970,0.004664,0.024948
171,0.033837,0.923364,0.002181,0.026054,0.000370,0.001834,0.012316,0.000012,0.000002,0.000031
172,0.289650,0.018552,0.002694,0.044461,0.268139,0.212490,0.009961,0.123315,0.001954,0.028785
173,0.504804,0.001720,0.001168,0.000743,0.021214,0.008167,0.014928,0.444053,0.001566,0.001637
174,0.568315,0.023284,0.002635,0.147119,0.029078,0.099259,0.001058,0.104567,0.006321,0.018364
175,0.956349,0.028381,0.004778,0.001240,0.002484,0.001598,0.004425,0.000415,0.000215,0.000115
176,0.116818,0.881036,0.000271,0.000295,0.000492,0.000094,0.000655,0.000324,0.000004,0.000011
177,0.728782,0.231729,0.016904,0.000724,0.001457,0.010261,0.001735,0.005439,0.000341,0.002627
178,0.517915,0.076631,0.006003,0.017089,0.263347,0.044298,0.039949,0.005941,0.001126,0.027702
179,0.346185,0.023843,0.042308,0.013417,0.003291,0.368903,0.001517,0.077499,0.001097,0.121940
180,0.727650,0.055225,0.026103,0.026847,0.017254,0.012048,0.090463,0.009070,0.000166,0.035175
181,0.977217,0.004201,0.000413,0.000181,0.000121,0.001506,0.000384,0.014494,0.000025,0.001458
182,0.804897,0.038670,0.003056,0.021207,0.010626,0.019307,0.003200,0.094398,0.000048,0.004590
183,0.003654,0.995848,0.000308,0.000068,0.000070,0.000023,0.000026,0.000001,0.000002,0.000000
184,0.104845,0.101658,0.076448,0.032744,0.002446,0.198066,0.481362,0.000028,0.000930,0.001473
185,0.615936,0.215139,0.006740,0.037436,0.041239,0.053041,0.019126,0.002438,0.008233,0.000672
186,0.961280,0.012359,0.000381,0.000327,0.015144,0.004902,0.002673,0.002414,0.000008,0.000513
187,0.004338,0.000586,0.982266,0.000483,0.001158,0.007248,0.000503,0.001036,0.002271,0.000113
188,0.513649,0.003832,0.037220,0.024278,0.005894,0.247592,0.010939,0.146411,0.003290,0.006895
189,0.771693,0.104036,0.005666,0.017592,0.028935,0.008348,0.034028,0.014773,0.001134,0.013796
190,0.215849,0.056352,0.003824,0.469647,0.071825,0.072657,0.016107,0.010254,0.000578,0.082907
191,0.325481,0.386494,0.074130,0.021951,0.028369,0.033861,0.060812,0.016091,0.001949,0.050861
192,0.207779,0.774102,0.015615,0.000880,0.000778,0.000236,0.000188,0.000186,0.000037,0.000199
193,0.693879,0.084233,0.004240,0.002019,0.132845,0.012566,0.036945,0.023384,0.006633,0.003256
194,0.108229,0.001616,0.009096,0.023732,0.052711,0.203509,0.020532,0.001651,0.572316,0.006607
195,0.775645,0.028818,0.000388,0.059262,0.036498,0.047586,0.037084,0.008681,0.003641,0.002399
196,0.034519,0.023007,0.938557,0.000194,0.000119,0.002780,0.000225,0.000325,0.000032,0.000243
197,0.002973,0.278783,0.717388,0.000071,0.000047,0.000022,0.000083,0.000015,0.000595,0.000022
198,0.955476,0.019116,0.000086,0.000159,0.016422,0.005893,0.002313,0.000464,0.000040,0.000031
199,0.372832,0.545930,0.031329,0.007874,0.000212,0.000729,0.032024,0.001584,0.000446,0.007042
200,0.751940,0.036804,0.003543,0.069863,0.026192,0.026359,0.004169,0.072368,0.003041,0.005722
201,0.262703,0.705429,0.007756,0.001709,0.000460,0.000709,0.016864,0.003254,0.000027,0.001090
202,0.662257,0.069928,0.016595,0.068225,0.075364,0.076159,0.012549,0.003078,0.015242,0.000602
203,0.004529,0.000393,0.000032,0.080324,0.011036,0.015144,0.847404,0.000192,0.000072,0.040872
204,0.943042,0.048660,0.000558,0.000473,0.000604,0.002455,0.000585,0.001474,0.000018,0.002131
205,0.242470,0.053173,0.071116,0.370033,0.017370,0.082507,0.015317,0.002754,0.000867,0.144393
206,0.773295,0.115298,0.007205,0.003444,0.039017,0.036141,0.015683,0.006507,0.001294,0.002116
207,0.186414,0.389972,0.058029,0.024024,0.016713,0.219608,0.008557,0.007090,0.045565,0.044029
208,0.675849,0.109517,0.005812,0.020633,0.049233,0.015212,0.107441,0.011671,0.000318,0.004313
209,0.360345,0.161535,0.030537,0.100404,0.261722,0.013872,0.039992,0.003747,0.013137,0.014709
210,0.032180,0.029769,0.896809,0.001822,0.004855,0.026877,0.003161,0.001514,0.002899,0.000114
211,0.740947,0.081757,0.010032,0.093677,0.003311,0.034258,0.005230,0.027094,0.001913,0.001782
212,0.055987,0.284066,0.021628,0.434571,0.038621,0.095912,0.004876,0.001026,0.060713,0.002600
213,0.172386,0.018160,0.019378,0.083642,0.030525,0.117732,0.015888,0.099982,0.013504,0.428801
214,0.822066,0.043968,0.003754,0.003174,0.086391,0.014386,0.010957,0.011225,0.002017,0.002061
215,0.959753,0.018622,0.007452,0.000046,0.007581,0.000379,0.001946,0.004016,0.000168,0.000037
216,0.874649,0.028380,0.001953,0.009752,0.026992,0.028257,0.018219,0.010835,0.000648,0.000316
217,0.903339,0.001861,0.001619,0.004932,0.010723,0.039522,0.025056,0.010435,0.000714,0.001800
218,0.125772,0.859267,0.003867,0.000617,0.000996,0.000698,0.002130,0.004713,0.000853,0.001086
219,0.523679,0.143959,0.022833,0.090043,0.012521,0.126524,0.014206,0.013889,0.004899,0.047446
220,0.751465,0.181308,0.002498,0.003956,0.013628,0.026849,0.011685,0.007253,0.001031,0.000327
221,0.333928,0.049680,0.107445,0.001275,0.408265,0.051246,0.017193,0.015347,0.015542,0.000078
222,0.921958,0.005799,0.013896,0.009124,0.019257,0.007062,0.002124,0.018539,0.000616,0.001625
223,0.914448,0.078106,0.001129,0.000341,0.000540,0.000668,0.001707,0.002426,0.000062,0.000572
224,0.853795,0.048009,0.003258,0.003045,0.055722,0.014605,0.002031,0.017351,0.001702,0.000482
225,0.168678,0.433409,0.005148,0.389854,0.000792,0.001217,0.000233,0.000019,0.000030,0.000619
226,0.047827,0.171451,0.643807,0.000330,0.029172,0.077404,0.004732,0.005718,0.013872,0.005687
227,0.937677,0.006460,0.002416,0.000378,0.016975,0.015199,0.019531,0.001079,0.000084,0.000200
228,0.059710,0.139885,0.051324,0.363876,0.164365,0.043109,0.001728,0.000584,0.067145,0.108275
229,0.032662,0.134020,0.820078,0.000398,0.000724,0.007925,0.001164,0.001042,0.000374,0.001613
230,0.874068,0.095393,0.003743,0.003397,0.006844,0.001015,0.013072,0.001934,0.000387,0.000147
231,0.607596,0.160257,0.105147,0.029534,0.018916,0.031276,0.024953,0.018182,0.002763,0.001376
232,0.093334,0.008703,0.077631,0.048919,0.008471,0.045758,0.003528,0.641377,0.040970,0.031308
233,0.388542,0.208606,0.015230,0.244275,0.061069,0.019253,0.026552,0.004084,0.001699,0.030689
234,0.881420,0.005958,0.002248,0.000149,0.019926,0.000639,0.049374,0.027874,0.000336,0.012074
235,0.536483,0.005694,0.000927,0.052720,0.046285,0.192127,0.065188,0.092135,0.001244,0.007196
236,0.827101,0.023860,0.000854,0.000693,0.043767,0.005455,0.079780,0.015738,0.000719,0.002033
237,0.179969,0.094167,0.690770,0.002671,0.002004,0.011798,0.004115,0.005618,0.004559,0.004330
238,0.007872,0.002940,0.003065,0.040024,0.916982,0.024823,0.003165,0.000434,0.000647,0.000048
239,0.787403,0.031332,0.006631,0.009157,0.079399,0.021031,0.010575,0.024076,0.000645,0.029750
240,0.806786,0.003142,0.028878,0.000219,0.022928,0.009836,0.030654,0.094537,0.002312,0.000709
241,0.434251,0.025678,0.013101,0.004332,0.006581,0.009317,0.032998,0.433772,0.011321,0.028650
242,0.849833,0.085564,0.004290,0.000397,0.030182,0.003036,0.012366,0.003517,0.001392,0.009421
243,0.619121,0.008791,0.004256,0.000908,0.052477,0.008768,0.122461,0.155697,0.021500,0.006021
244,0.765996,0.140323,0.003452,0.028209,0.028275,0.013565,0.007024,0.003256,0.008410,0.001489
245,0.744844,0.029912,0.112110,0.003334,0.066919,0.011561,0.009934,0.008644,0.003538,0.009205
246,0.830314,0.081938,0.006458,0.028193,0.013994,0.004048,0.021873,0.003354,0.000077,0.009751
247,0.041230,0.829778,0.053285,0.005280,0.000563,0.002732,0.057273,0.000346,0.008362,0.001151
248,0.108350,0.796031,0.030254,0.007237,0.002907,0.037749,0.012650,0.000496,0.000779,0.003547
249,0.843612,0.104102,0.003337,0.012288,0.002760,0.008238,0.020051,0.000902,0.000103,0.004605
250,0.159318,0.816189,0.001748,0.014536,0.002645,0.002866,0.001494,0.000703,0.000136,0.000366
251,0.994795,0.000325,0.000341,0.000001,0.000294,0.000093,0.000017,0.004122,0.000003,0.000011
252,0.753334,0.039900,0.007225,0.066729,0.008092,0.041930,0.032979,0.018596,0.003158,0.028058
253,0.730732,0.063884,0.002278,0.000398,0.186616,0.002256,0.005050,0.008056,0.000317,0.000413
254,0.182909,0.241184,0.530088,0.007833,0.016364,0.006941,0.007696,0.003417,0.002697,0.000871
255,0.906456,0.011866,0.000825,0.001211,0.043568,0.031101,0.001911,0.001112,0.001902,0.000047
256,0.531872,0.439238,0.004840,0.000015,0.000313,0.007229,0.015561,0.000027,0.000001,0.000904
257,0.857166,0.013276,0.001639,0.001943,0.074274,0.011632,0.003771,0.033419,0.001477,0.001402
258,0.560297,0.081596,0.004939,0.301313,0.004384,0.010083,0.006624,0.012888,0.008552,0.009324
259,0.933587,0.009252,0.001519,0.000185,0.017845,0.001961,0.029167,0.005395,0.000227,0.000861
260,0.355954,0.190688,0.001031,0.218725,0.080625,0.075812,0.072862,0.001660,0.000094,0.002549
261,0.095158,0.004885,0.002486,0.013252,0.003882,0.866282,0.005045,0.007595,0.001172,0.000245
262,0.496650,0.414513,0.000985,0.037607,0.025418,0.012841,0.006847,0.003291,0.000936,0.000912
263,0.938635,0.027383,0.008953,0.000772,0.001785,0.004601,0.010548,0.005007,0.000476,0.001841
264,0.479269,0.132623,0.022231,0.011362,0.196913,0.022093,0.066674,0.008920,0.003820,0.056095
265,0.135875,0.049274,0.000542,0.769072,0.004277,0.038278,0.001772,0.000467,0.000055,0.000389
266,0.019468,0.115461,0.004349,0.850565,0.000442,0.006403,0.001530,0.000278,0.000118,0.001387
267,0.889279,0.030179,0.008667,0.000459,0.046138,0.000738,0.021155,0.001843,0.000318,0.001224
268,0.942816,0.005440,0.000005,0.001102,0.000189,0.012205,0.006215,0.031720,0.000121,0.000188
269,0.677197,0.267359,0.002009,0.017946,0.002208,0.001376,0.005022,0.013438,0.000200,0.013244
270,0.311668,0.016624,0.004622,0.066369,0.191991,0.065039,0.015417,0.281760,0.002404,0.044106
271,0.341684,0.528451,0.000332,0.039243,0.003621,0.007129,0.038271,0.000895,0.000071,0.040303
272,0.227068,0.479365,0.049532,0.009931,0.000606,0.001442,0.229650,0.000458,0.000312,0.001637
273,0.103248,0.037088,0.011534,0.121029,0.096584,0.456494,0.146613,0.008993,0.001153,0.017263
274,0.216869,0.045299,0.015034,0.083889,0.112181,0.266666,0.026987,0.009267,0.221743,0.002064
275,0.217882,0.029055,0.003201,0.023517,0.003635,0.000334,0.106731,0.495333,0.000066,0.120246
276,0.530144,0.122689,0.002033,0.039328,0.101885,0.153005,0.044201,0.002505,0.001622,0.002587
277,0.411536,0.006147,0.003841,0.005636,0.356627,0.037882,0.073397,0.102071,0.001157,0.001707
278,0.796840,0.128958,0.002080,0.000000,0.001169,0.000553,0.000407,0.004606,0.065379,0.000009
279,0.197234,0.016498,0.004076,0.459183,0.009295,0.024819,0.003626,0.262019,0.010106,0.013145
280,0.496841,0.026473,0.002034,0.000188,0.055628,0.016950,0.393881,0.005685,0.002236,0.000083
281,0.045958,0.013292,0.028076,0.193215,0.543416,0.133604,0.026376,0.002975,0.006195,0.006892
282,0.990475,0.004358,0.000933,0.001265,0.000925,0.001502,0.000119,0.000181,0.000008,0.000234
283,0.809853,0.002506,0.001437,0.001233,0.000222,0.035835,0.003779,0.136095,0.000793,0.008247
284,0.460679,0.026642,0.004891,0.013943,0.039504,0.112354,0.015176,0.322247,0.000362,0.004202
285,0.787778,0.040292,0.000529,0.000902,0.013098,0.014405,0.001435,0.127125,0.013647,0.000788
286,0.037091,0.849750,0.097156,0.001030,0.000318,0.000863,0.006189,0.000550,0.000345,0.006708
287,0.128368,0.020323,0.239901,0.049785,0.291211,0.061616,0.046174,0.019291,0.082926,0.060405
288,0.576392,0.008707,0.022123,0.001279,0.052829,0.004874,0.017267,0.212806,0.010034,0.093690
289,0.023035,0.000481,0.000131,0.007298,0.000760,0.000292,0.020990,0.843877,0.000125,0.103011
290,0.877770,0.108018,0.000480,0.000778,0.001413,0.000721,0.000685,0.004032,0.000004,0.006099
291,0.991536,0.002658,0.000432,0.000072,0.000064,0.000172,0.000045,0.003846,0.000114,0.001061
292,0.906231,0.007888,0.000420,0.010432,0.016759,0.005918,0.006559,0.040466,0.000289,0.005038
293,0.000649,0.000381,0.067708,0.000197,0.000073,0.009474,0.000209,0.022881,0.002965,0.895465
294,0.915098,0.012975,0.001279,0.002036,0.005268,0.023941,0.014546,0.023166,0.000370,0.001320
295,0.063035,0.001325,0.000477,0.005811,0.633642,0.236920,0.028925,0.027898,0.000471,0.001498
296,0.036231,0.017110,0.000125,0.653942,0.000121,0.192794,0.000088,0.076618,0.000042,0.022928
297,0.908125,0.010603,0.007305,0.001518,0.008114,0.017271,0.005762,0.020458,0.018902,0.001943
298,0.794725,0.154994,0.003137,0.007419,0.016842,0.014734,0.001750,0.004856,0.001276,0.000266
299,0.957453,0.008335,0.000636,0.000044,0.000727,0.000479,0.013820,0.018271,0.000110,0.000125
300,0.819587,0.069419,0.000170,0.000264,0.079548,0.002688,0.017332,0.010629,0.000019,0.000344
301,0.844025,0.032773,0.009805,0.000479,0.013827,0.000736,0.018676,0.033291,0.000717,0.045671
302,0.752163,0.007801,0.005363,0.001347,0.034024,0.002208,0.000954,0.171348,0.000742,0.024050
303,0.428067,0.067830,0.001655,0.005451,0.047755,0.063283,0.008333,0.296084,0.077634,0.003908
304,0.955311,0.002298,0.001494,0.000867,0.015155,0.001493,0.018013,0.003979,0.000483,0.000907
305,0.003982,0.118784,0.520971,0.002421,0.000397,0.328382,0.010769,0.001684,0.010592,0.002018
306,0.682697,0.000568,0.240205,0.000201,0.000104,0.000218,0.008840,0.004567,0.004128,0.058473
307,0.875095,0.002262,0.000199,0.000486,0.001109,0.000326,0.029638,0.088406,0.000013,0.002465
308,0.980497,0.016000,0.000196,0.001167,0.000626,0.000297,0.000479,0.000101,0.000001,0.000635
309,0.657698,0.014805,0.009421,0.018318,0.181478,0.027862,0.068440,0.013974,0.000784,0.007220
310,0.817464,0.138368,0.002556,0.001263,0.006727,0.001802,0.020066,0.007456,0.004145,0.000152
311,0.376160,0.017158,0.010030,0.000484,0.049830,0.003882,0.005001,0.517384,0.000487,0.019583
312,0.002984,0.004537,0.986288,0.000009,0.000035,0.000541,0.000242,0.000951,0.003832,0.000581
313,0.319660,0.632782,0.012400,0.023090,0.001454,0.007019,0.001683,0.000527,0.000068,0.001318
314,0.482698,0.182057,0.058625,0.067966,0.017685,0.016459,0.155544,0.000835,0.001214,0.016918
315,0.031803,0.855679,0.013554,0.007620,0.012895,0.061754,0.013962,0.000249,0.000138,0.002346
316,0.161421,0.040040,0.584612,0.000913,0.008500,0.031090,0.013136,0.060993,0.089892,0.009404
317,0.159276,0.796363,0.019750,0.001842,0.000617,0.008024,0.001523,0.000470,0.011039,0.001097
318,0.914857,0.008233,0.001385,0.002401,0.017417,0.022097,0.005512,0.022630,0.003764,0.001705
319,0.227520,0.745664,0.009383,0.000210,0.003470,0.003004,0.004341,0.002762,0.003431,0.000215
320,0.980328,0.013109,0.000355,0.000721,0.001107,0.001957,0.001106,0.000867,0.000102,0.000348
321,0.898734,0.045356,0.014331,0.001476,0.007051,0.000874,0.017433,0.010584,0.000477,0.003684
322,0.146419,0.652562,0.005571,0.149927,0.014602,0.013578,0.009627,0.000760,0.006556,0.000398
323,0.406103,0.000802,0.007511,0.000327,0.013656,0.018805,0.011364,0.533724,0.001373,0.006335
324,0.701038,0.031337,0.020517,0.000614,0.009451,0.001035,0.034157,0.194102,0.000013,0.007737
325,0.976418,0.002450,0.000250,0.000657,0.000018,0.000449,0.000090,0.001901,0.000046,0.017721
326,0.122224,0.007500,0.002332,0.003162,0.003647,0.022906,0.004242,0.818529,0.008306,0.007153
327,0.019964,0.001289,0.033057,0.000391,0.010508,0.686099,0.000507,0.008325,0.239659,0.000201
328,0.906926,0.009590,0.001616,0.009124,0.052221,0.013389,0.001904,0.003820,0.001152,0.000259
329,0.706653,0.094976,0.003137,0.037731,0.056867,0.009241,0.083139,0.005180,0.000230,0.002847
330,0.853613,0.018190,0.000475,0.001400,0.061736,0.010365,0.023105,0.025117,0.000578,0.005421
331,0.424589,0.003514,0.000636,0.473890,0.006671,0.005522,0.002455,0.068865,0.000728,0.013132
332,0.106658,0.002147,0.828433,0.000028,0.028758,0.000535,0.012148,0.015930,0.000376,0.004988
333,0.687687,0.074962,0.037058,0.004281,0.012196,0.045848,0.035517,0.055190,0.001300,0.045961
334,0.976202,0.007552,0.000100,0.000067,0.000511,0.000105,0.005468,0.009759,0.000012,0.000225
335,0.976221,0.006593,0.002494,0.000704,0.001569,0.004534,0.002153,0.004592,0.000939,0.000201
336,0.501802,0.018867,0.069045,0.025883,0.105112,0.006723,0.105242,0.124380,0.005435,0.037510
337,0.843269,0.006536,0.003462,0.000164,0.062375,0.006209,0.000794,0.061411,0.000003,0.015776
338,0.102480,0.024345,0.091306,0.008214,0.047353,0.028519,0.023753,0.633233,0.007820,0.032976
339,0.045254,0.005334,0.342311,0.000407,0.153604,0.439518,0.004684,0.004281,0.004575,0.000033
340,0.024877,0.010156,0.005203,0.713214,0.007710,0.221368,0.004140,0.000060,0.011817,0.001456
341,0.430488,0.003090,0.000829,0.208259,0.006955,0.048604,0.002158,0.293352,0.000491,0.005775
342,0.126405,0.133505,0.009617,0.325060,0.051847,0.316776,0.030574,0.002277,0.002246,0.001694
343,0.902318,0.001489,0.000899,0.001174,0.071994,0.004330,0.002093,0.010926,0.000040,0.004738
344,0.453955,0.482799,0.009138,0.006367,0.034242,0.006468,0.004897,0.000427,0.000285,0.001423
345,0.828268,0.007958,0.000513,0.000105,0.001108,0.002233,0.002608,0.147085,0.003366,0.006757
346,0.196332,0.753621,0.007580,0.020223,0.007140,0.010123,0.000425,0.000487,0.003843,0.000224
347,0.096624,0.080149,0.433853,0.000487,0.161739,0.203858,0.015108,0.003713,0.004071,0.000398
348,0.015102,0.002997,0.931146,0.004744,0.016095,0.021012,0.000148,0.000355,0.008079,0.000321
349,0.024040,0.003605,0.003187,0.031428,0.680941,0.241100,0.004464,0.002070,0.003798,0.005366
350,0.900207,0.076404,0.014599,0.000128,0.000357,0.005454,0.001229,0.000936,0.000368,0.000317
351,0.973656,0.018362,0.000479,0.001785,0.000289,0.002708,0.001980,0.000317,0.000332,0.000092
352,0.026693,0.016141,0.545328,0.000445,0.029950,0.270130,0.005554,0.005478,0.099154,0.001126
353,0.224674,0.159319,0.207890,0.159954,0.078463,0.033032,0.124228,0.000351,0.011884,0.000205
354,0.358432,0.147082,0.010424,0.014691,0.048243,0.405966,0.002837,0.006642,0.004013,0.001670
355,0.934911,0.031667,0.004300,0.000399,0.009266,0.006800,0.003451,0.005629,0.001119,0.002459
356,0.982914,0.006862,0.001055,0.000239,0.000270,0.000254,0.000320,0.006541,0.000016,0.001529
357,0.391886,0.003561,0.000255,0.003478,0.006219,0.008784,0.020035,0.562377,0.002739,0.000665
358,0.017632,0.005332,0.973997,0.001130,0.000003,0.001683,0.000010,0.000002,0.000065,0.000145
359,0.353355,0.063852,0.089945,0.055290,0.095331,0.039818,0.111394,0.036127,0.000982,0.153906
360,0.956076,0.012363,0.000484,0.000147,0.011547,0.005096,0.003879,0.007879,0.001753,0.000776
361,0.255542,0.000703,0.000273,0.000851,0.000552,0.001408,0.001404,0.683032,0.000151,0.056082
362,0.633131,0.004176,0.000211,0.000341,0.317868,0.000660,0.000749,0.042707,0.000013,0.000145
363,0.786074,0.004472,0.001032,0.000337,0.006408,0.004870,0.003538,0.190622,0.000229,0.002418
364,0.013186,0.694580,0.281462,0.000754,0.002532,0.006301,0.000511,0.000107,0.000440,0.000127
365,0.078774,0.249005,0.003212,0.257864,0.143414,0.104669,0.120310,0.001582,0.040605,0.000565
366,0.071235,0.009018,0.836069,0.003339,0.027813,0.038222,0.006505,0.000835,0.006694,0.000268
367,0.882904,0.030519,0.008258,0.000174,0.043374,0.002089,0.005238,0.024711,0.001129,0.001604
368,0.355005,0.568340,0.005862,0.026935,0.001349,0.035576,0.004853,0.000287,0.000360,0.001434
369,0.056311,0.217681,0.004943,0.700531,0.003982,0.014342,0.001200,0.000558,0.000092,0.000360
370,0.072945,0.022089,0.009282,0.174838,0.002955,0.701470,0.012490,0.000659,0.002032,0.001240
371,0.326547,0.094694,0.044416,0.008994,0.109925,0.046628,0.007035,0.341216,0.001648,0.018896
372,0.236790,0.743947,0.003663,0.000438,0.000752,0.001257,0.002833,0.006333,0.000178,0.003811
373,0.770949,0.022737,0.011432,0.005831,0.044603,0.081769,0.044746,0.014665,0.001318,0.001950
374,0.325627,0.010140,0.005481,0.036172,0.249268,0.086765,0.137354,0.067915,0.008694,0.072584
375,0.861139,0.105425,0.004145,0.011163,0.007310,0.001881,0.003841,0.001704,0.002310,0.001083
376,0.314968,0.069792,0.015692,0.204378,0.138676,0.174429,0.009635,0.023343,0.017564,0.031523
377,0.234526,0.614552,0.054008,0.052108,0.003575,0.022265,0.008818,0.003194,0.000286,0.006668
378,0.934430,0.055413,0.000178,0.000390,0.002240,0.005449,0.001295,0.000549,0.000019,0.000037
379,0.984747,0.007649,0.000635,0.000069,0.000520,0.002143,0.000303,0.003140,0.000439,0.000355
380,0.756475,0.072321,0.011135,0.006889,0.005051,0.003306,0.043781,0.044672,0.000734,0.055636
381,0.374472,0.002195,0.001802,0.005105,0.019184,0.020432,0.002199,0.565388,0.001117,0.008106
382,0.929531,0.032786,0.002061,0.000589,0.002029,0.001603,0.000871,0.025098,0.003116,0.002318
383,0.940662,0.011316,0.007408,0.000205,0.003656,0.004109,0.001069,0.030789,0.000196,0.000590
384,0.962092,0.028084,0.000567,0.001354,0.001193,0.001383,0.004172,0.000856,0.000009,0.000290
385,0.719432,0.012434,0.004289,0.168644,0.026645,0.037865,0.003724,0.016343,0.000998,0.009628
386,0.072170,0.020252,0.381923,0.016482,0.029478,0.384490,0.037182,0.001749,0.054855,0.001420
387,0.029274,0.040338,0.880701,0.003388,0.000219,0.041835,0.000563,0.001182,0.001502,0.000998
388,0.881603,0.099471,0.001468,0.009768,0.002408,0.002589,0.002012,0.000463,0.000076,0.000140
389,0.972255,0.013002,0.002386,0.003136,0.000291,0.002150,0.000231,0.002825,0.000160,0.003564
390,0.064707,0.825946,0.006186,0.047595,0.000330,0.042086,0.001001,0.001108,0.006225,0.004813
391,0.278516,0.026125,0.005800,0.046327,0.452296,0.014737,0.048906,0.024478,0.000271,0.102542
392,0.962189,0.005790,0.003875,0.000090,0.001646,0.003734,0.005433,0.012592,0.000101,0.004551
393,0.116324,0.010545,0.000147,0.043276,0.055988,0.598739,0.056838,0.019389,0.001132,0.097621
394,0.954734,0.042049,0.000291,0.000021,0.000721,0.000326,0.001691,0.000148,0.000017,0.000002
395,0.001624,0.001080,0.000295,0.990702,0.000034,0.000497,0.000066,0.000006,0.000004,0.005691
396,0.043547,0.006903,0.026302,0.003330,0.185023,0.011098,0.668619,0.022837,0.005767,0.026575
397,0.890072,0.043204,0.000744,0.000346,0.026575,0.001082,0.035523,0.000794,0.001380,0.000279
398,0.277437,0.126631,0.013044,0.320000,0.017008,0.155373,0.052752,0.014316,0.007583,0.015856
399,0.109746,0.002358,0.020259,0.001817,0.000423,0.010127,0.002432,0.821806,0.000353,0.030679
400,0.080959,0.000101,0.000170,0.000470,0.000347,0.002459,0.000283,0.912899,0.000160,0.002153
401,0.162811,0.686410,0.015400,0.000999,0.001665,0.122031,0.001985,0.000274,0.008180,0.000245
402,0.847655,0.148723,0.001491,0.000890,0.000351,0.000595,0.000069,0.000119,0.000016,0.000090
403,0.023620,0.002684,0.000117,0.816662,0.004006,0.025195,0.028611,0.005239,0.000019,0.093847
404,0.465218,0.512727,0.001971,0.009446,0.000783,0.003586,0.005617,0.000140,0.000187,0.000325
405,0.394320,0.441855,0.021109,0.003867,0.062719,0.008171,0.037128,0.002888,0.000304,0.027639
406,0.001338,0.991217,0.001167,0.005897,0.000063,0.000192,0.000109,0.000003,0.000001,0.000015
407,0.440196,0.272651,0.019642,0.065396,0.069736,0.106692,0.008408,0.002362,0.000183,0.014734
408,0.648464,0.131507,0.007147,0.068097,0.010448,0.020348,0.055771,0.003192,0.000236,0.054790
409,0.933797,0.045847,0.001001,0.003379,0.004376,0.001524,0.002277,0.006821,0.000238,0.000740
410,0.952271,0.018533,0.000236,0.000469,0.008282,0.002550,0.001038,0.010519,0.005371,0.000732
411,0.844062,0.006091,0.002557,0.000868,0.000899,0.002893,0.000169,0.141025,0.000111,0.001326
412,0.394374,0.075315,0.010763,0.158451,0.096941,0.187121,0.048041,0.015005,0.001019,0.012970
413,0.145051,0.003787,0.004881,0.001383,0.000895,0.016767,0.002764,0.816646,0.006735,0.001091
414,0.663735,0.006327,0.005749,0.006319,0.040034,0.021741,0.137501,0.083915,0.018128,0.016551
415,0.221664,0.751409,0.013677,0.000855,0.004582,0.002126,0.004379,0.000758,0.000121,0.000430
416,0.988752,0.004359,0.000047,0.000462,0.001515,0.000480,0.004005,0.000291,0.000014,0.000076
417,0.001263,0.002924,0.000182,0.027599,0.033058,0.006566,0.003983,0.000038,0.909357,0.015031
418,0.978680,0.003798,0.000609,0.000264,0.002682,0.001692,0.001112,0.006589,0.004446,0.000127
419,0.019987,0.006349,0.000347,0.230788,0.001193,0.736233,0.001507,0.003258,0.000309,0.000029
420,0.325167,0.037983,0.240249,0.004521,0.222266,0.095248,0.056529,0.002288,0.011878,0.003871
421,0.949279,0.018605,0.002863,0.009432,0.000241,0.006578,0.010572,0.001002,0.000153,0.001275
422,0.450958,0.242487,0.049461,0.037058,0.033861,0.065659,0.039097,0.046208,0.014372,0.020840
423,0.175657,0.056046,0.002130,0.000690,0.065615,0.001867,0.580836,0.020834,0.000182,0.096143
424,0.535761,0.057047,0.002966,0.077911,0.078114,0.126625,0.105738,0.002734,0.012230,0.000875
425,0.744177,0.039203,0.011375,0.001110,0.012183,0.005394,0.005055,0.168447,0.007823,0.005233
