Sample_id,Class_1,Class_2,Class_3,Class_4,Class_5,Class_6,Class_7,Class_8,Class_9,Class_10
1,0.154986,0.134772,0.544190,0.002076,0.014252,0.036657,0.094961,0.001867,0.014008,0.002232
2,0.142769,0.023706,0.067034,0.016063,0.020199,0.025451,0.197056,0.019401,0.486929,0.001392
3,0.649510,0.033844,0.002359,0.000667,0.027157,0.022638,0.050913,0.191129,0.000720,0.021062
4,0.961964,0.010910,0.001977,0.001204,0.002583,0.010834,0.005876,0.002995,0.000462,0.001195
5,0.912944,0.005782,0.002799,0.001850,0.001036,0.054262,0.002821,0.013728,0.001329,0.003450
6,0.545121,0.005595,0.001901,0.005360,0.162764,0.118374,0.063821,0.093290,0.000085,0.003690
7,0.286190,0.059478,0.009346,0.031424,0.223033,0.087342,0.038197,0.001504,0.260027,0.003459
8,0.616425,0.005199,0.001156,0.000985,0.026801,0.002042,0.038819,0.277989,0.000805,0.029779
9,0.870969,0.001337,0.008565,0.001774,0.062360,0.005572,0.040624,0.007565,0.000130,0.001105
10,0.415444,0.518371,0.015662,0.001690,0.000927,0.004320,0.004144,0.030990,0.007054,0.001398
11,0.824432,0.027587,0.003419,0.001014,0.074924,0.016228,0.048169,0.003285,0.000081,0.000859
12,0.070328,0.026986,0.343390,0.107565,0.146111,0.001416,0.065478,0.050153,0.000089,0.188483
13,0.889305,0.028321,0.006992,0.000936,0.025299,0.009078,0.022842,0.001976,0.001117,0.014135
14,0.147064,0.011570,0.039269,0.192993,0.022552,0.004671,0.006607,0.299769,0.030313,0.245192
15,0.378891,0.080349,0.001358,0.410335,0.017855,0.048641,0.053407,0.003644,0.000149,0.005370
16,0.350978,0.178715,0.001502,0.085530,0.050654,0.005629,0.063647,0.253363,0.000487,0.009497
17,0.395134,0.212726,0.149253,0.023523,0.060812,0.088480,0.025651,0.010242,0.024398,0.009782
18,0.984675,0.006963,0.002545,0.000085,0.000505,0.002686,0.000382,0.001982,0.000072,0.000104
19,0.139634,0.003333,0.513343,0.002275,0.003268,0.286051,0.014937,0.034085,0.001733,0.001341
20,0.364448,0.583032,0.005754,0.003368,0.003871,0.007125,0.027623,0.000091,0.003898,0.000791
21,0.357952,0.546961,0.085324,0.000279,0.000172,0.001877,0.006873,0.000062,0.000041,0.000460
22,0.725711,0.003379,0.040163,0.000839,0.009762,0.029710,0.044074,0.066508,0.000574,0.079280
23,0.919162,0.020902,0.007597,0.018775,0.015860,0.003031,0.002639,0.009647,0.000033,0.002352
24,0.445113,0.358335,0.000400,0.108039,0.001906,0.044107,0.017067,0.014326,0.000318,0.010389
25,0.747061,0.174130,0.023119,0.000490,0.002213,0.012397,0.008553,0.029929,0.000324,0.001785
26,0.087335,0.226483,0.015801,0.403283,0.142226,0.014919,0.092542,0.005204,0.001623,0.010585
27,0.034267,0.335465,0.571781,0.003727,0.001287,0.042613,0.009578,0.000173,0.000510,0.000600
28,0.381354,0.004044,0.028726,0.021165,0.019861,0.020509,0.013065,0.464965,0.032292,0.014020
29,0.624708,0.003528,0.007656,0.012507,0.037972,0.087901,0.019497,0.147772,0.054712,0.003747
30,0.902329,0.008238,0.007584,0.004146,0.013073,0.014147,0.017881,0.026029,0.005881,0.000691
31,0.133451,0.119834,0.005379,0.572239,0.013184,0.027862,0.046254,0.007890,0.000178,0.073729
32,0.947879,0.011918,0.023612,0.002077,0.000362,0.002076,0.001122,0.000882,0.000057,0.010014
33,0.763281,0.068752,0.002649,0.001664,0.003350,0.008774,0.076854,0.060678,0.000747,0.013251
34,0.400606,0.009678,0.040622,0.031512,0.177193,0.073479,0.032627,0.057710,0.137760,0.038812
35,0.216244,0.151423,0.017249,0.421815,0.020586,0.006557,0.010765,0.011309,0.002404,0.141648
36,0.133669,0.179073,0.045631,0.096190,0.005241,0.515137,0.002579,0.012382,0.000086,0.010010
37,0.919526,0.017445,0.003853,0.008969,0.001066,0.004955,0.005587,0.036955,0.000175,0.001470
38,0.943805,0.002475,0.001226,0.001559,0.020247,0.017747,0.002299,0.006141,0.003580,0.000920
39,0.955818,0.017290,0.001628,0.001193,0.003701,0.005333,0.000618,0.006419,0.000039,0.007962
40,0.198563,0.548740,0.006854,0.113030,0.029634,0.060715,0.020922,0.013943,0.003206,0.004392
41,0.862660,0.011528,0.005358,0.002293,0.027251,0.028160,0.024295,0.026350,0.001186,0.010918
42,0.300433,0.678681,0.000327,0.000463,0.010809,0.001191,0.001523,0.001618,0.004230,0.000726
43,0.174264,0.011862,0.494473,0.000243,0.023424,0.014028,0.088474,0.067477,0.002380,0.123375
44,0.691291,0.046453,0.066662,0.014015,0.021234,0.040345,0.010087,0.088410,0.013105,0.008397
45,0.829828,0.076773,0.013383,0.004028,0.005901,0.006691,0.033029,0.016092,0.003592,0.010683
46,0.115351,0.865115,0.007940,0.003844,0.003064,0.001993,0.002012,0.000448,0.000112,0.000121
47,0.350441,0.612492,0.001000,0.003294,0.010427,0.002876,0.017657,0.000170,0.001166,0.000476
48,0.841666,0.082666,0.002784,0.008560,0.005175,0.037430,0.018922,0.001526,0.000208,0.001062
49,0.274378,0.055017,0.000510,0.293905,0.023307,0.120378,0.003773,0.221118,0.000064,0.007548
50,0.614091,0.131383,0.003431,0.046705,0.012998,0.083664,0.050917,0.027754,0.023184,0.005871
51,0.053115,0.599798,0.342953,0.000937,0.000114,0.001599,0.001403,0.000004,0.000001,0.000076
52,0.177169,0.032602,0.593670,0.001711,0.045221,0.114330,0.009824,0.021016,0.004251,0.000206
53,0.271490,0.215046,0.015801,0.070293,0.023780,0.141272,0.232232,0.012824,0.010128,0.007135
54,0.618053,0.060736,0.000822,0.005690,0.117346,0.007146,0.034503,0.149641,0.001976,0.004087
55,0.041540,0.022818,0.839820,0.000974,0.006903,0.056265,0.002311,0.002434,0.026591,0.000343
56,0.052271,0.045865,0.714321,0.032053,0.040936,0.035920,0.020053,0.001594,0.056119,0.000868
57,0.027296,0.039968,0.003283,0.009758,0.622531,0.113883,0.043629,0.012771,0.068412,0.058470
58,0.927357,0.033675,0.016177,0.000455,0.003887,0.002774,0.003309,0.007673,0.000092,0.004601
59,0.005136,0.010875,0.684792,0.001835,0.161228,0.086732,0.000457,0.000640,0.048092,0.000214
60,0.516963,0.313220,0.021016,0.001509,0.063854,0.012418,0.017395,0.049253,0.000524,0.003847
61,0.751671,0.011478,0.004346,0.081303,0.017762,0.035718,0.061636,0.005195,0.001186,0.029704
62,0.783738,0.010219,0.169010,0.001172,0.004799,0.006713,0.002607,0.007249,0.000053,0.014441
63,0.095811,0.302905,0.001211,0.360258,0.087214,0.081173,0.008070,0.046070,0.002340,0.014950
64,0.963800,0.002702,0.006774,0.006803,0.002735,0.003413,0.005347,0.003693,0.004422,0.000313
65,0.361509,0.018661,0.013311,0.110776,0.166834,0.219083,0.071693,0.013542,0.019061,0.005530
66,0.676406,0.301721,0.001468,0.000925,0.009667,0.001421,0.001832,0.000411,0.000012,0.006137
67,0.809757,0.014317,0.001078,0.002088,0.000593,0.044910,0.000608,0.116888,0.008444,0.001318
68,0.079435,0.592387,0.002272,0.276690,0.015700,0.004780,0.022516,0.002601,0.000041,0.003578
69,0.118691,0.698568,0.016137,0.083620,0.056683,0.012617,0.012191,0.000199,0.000197,0.001096
70,0.839672,0.065305,0.050483,0.009590,0.012802,0.011132,0.002513,0.004133,0.000338,0.004032
71,0.889244,0.002704,0.001050,0.000028,0.008735,0.008457,0.003642,0.074045,0.000526,0.011569
72,0.533295,0.096380,0.013043,0.023316,0.190881,0.062207,0.013134,0.059909,0.001305,0.006530
73,0.519090,0.023765,0.009395,0.029727,0.013393,0.074945,0.003772,0.294567,0.000767,0.030581
74,0.196038,0.042244,0.077797,0.077142,0.086372,0.019081,0.192336,0.024169,0.000447,0.284374
75,0.567452,0.004037,0.007688,0.000099,0.004190,0.001493,0.007658,0.397808,0.007653,0.001921
76,0.033212,0.576532,0.378798,0.000398,0.000174,0.009565,0.001081,0.000007,0.000041,0.000194
77,0.767712,0.165030,0.005886,0.000730,0.003167,0.030537,0.005605,0.020349,0.000046,0.000938
78,0.031174,0.067299,0.657865,0.007041,0.002101,0.138619,0.020890,0.003039,0.030439,0.041533
79,0.073865,0.005086,0.019001,0.016883,0.040747,0.327016,0.027264,0.004553,0.472065,0.013520
80,0.501767,0.117084,0.020537,0.025944,0.017438,0.042450,0.019968,0.028167,0.029373,0.197271
81,0.021393,0.043649,0.354699,0.007800,0.003366,0.140321,0.007226,0.002877,0.218994,0.199676
82,0.808716,0.022213,0.000454,0.001610,0.006863,0.001537,0.092774,0.058466,0.006021,0.001346
83,0.757930,0.014014,0.000304,0.000388,0.004030,0.004350,0.093509,0.095221,0.026679,0.003575
84,0.428332,0.524080,0.007710,0.023493,0.003717,0.008370,0.002614,0.000390,0.000012,0.001282
85,0.019912,0.013766,0.443514,0.012879,0.000823,0.067007,0.003047,0.000431,0.438189,0.000432
86,0.876670,0.005318,0.015358,0.001800,0.008102,0.006700,0.017256,0.042808,0.000117,0.025872
87,0.118543,0.276566,0.006213,0.446878,0.010217,0.008996,0.060030,0.000021,0.000030,0.072505
88,0.042527,0.137078,0.497569,0.005332,0.011313,0.281163,0.007758,0.000939,0.001623,0.014698
89,0.097023,0.003287,0.053846,0.366488,0.007809,0.017398,0.002330,0.432050,0.000646,0.019122
90,0.743699,0.011311,0.006194,0.037228,0.011235,0.039452,0.062118,0.066479,0.003324,0.018961
91,0.494840,0.035107,0.050587,0.033995,0.022198,0.102510,0.025389,0.006200,0.001285,0.227888
92,0.113452,0.261774,0.569059,0.006379,0.016148,0.016774,0.012305,0.001413,0.001374,0.001323
93,0.916808,0.014998,0.007929,0.000131,0.020674,0.010235,0.011543,0.013420,0.001181,0.003080
94,0.942786,0.012634,0.010290,0.000143,0.018639,0.002279,0.006073,0.005809,0.000588,0.000758
95,0.726649,0.081815,0.003828,0.003535,0.129329,0.012082,0.037627,0.002807,0.002122,0.000207
96,0.787792,0.019942,0.000959,0.077210,0.005299,0.020993,0.066922,0.015412,0.000691,0.004779
97,0.010018,0.010847,0.025281,0.023075,0.595899,0.288413,0.030764,0.010886,0.002650,0.002166
98,0.125919,0.354148,0.023651,0.304727,0.013090,0.062357,0.012704,0.093567,0.001150,0.008688
99,0.176394,0.751923,0.007182,0.002107,0.024874,0.005327,0.028677,0.001219,0.001814,0.000483
100,0.290132,0.007196,0.142290,0.015615,0.240480,0.035935,0.044057,0.037703,0.163447,0.023143
101,0.858861,0.006390,0.006132,0.000747,0.089188,0.003286,0.023052,0.008340,0.000467,0.003536
102,0.098848,0.030511,0.004773,0.512500,0.064776,0.018590,0.117182,0.028138,0.001144,0.123537
103,0.348663,0.101883,0.012019,0.075403,0.319913,0.028889,0.057962,0.014944,0.021764,0.018559
104,0.712749,0.047611,0.001379,0.004629,0.063171,0.028244,0.101289,0.039781,0.000295,0.000853
105,0.056320,0.244081,0.002380,0.509796,0.028071,0.016742,0.037301,0.064762,0.040363,0.000183
106,0.651471,0.174640,0.000613,0.000095,0.005987,0.002539,0.000832,0.160313,0.003227,0.000284
107,0.565611,0.006979,0.008873,0.001170,0.209130,0.009224,0.011628,0.174701,0.005331,0.007353
108,0.965904,0.004528,0.000944,0.001203,0.001883,0.012809,0.008907,0.002323,0.000171,0.001327
109,0.130394,0.265392,0.004259,0.433507,0.033101,0.050154,0.059124,0.005118,0.008950,0.010002
110,0.362197,0.021626,0.008742,0.039723,0.007690,0.003563,0.001201,0.549295,0.000105,0.005857
111,0.420737,0.119307,0.189828,0.099678,0.003751,0.021405,0.005472,0.104788,0.032280,0.002754
112,0.009333,0.944744,0.007925,0.000524,0.000389,0.005336,0.021318,0.004280,0.000466,0.005686
113,0.886631,0.023802,0.001994,0.000105,0.002297,0.003367,0.011357,0.065063,0.004177,0.001205
114,0.791616,0.028063,0.012623,0.000967,0.026505,0.005665,0.028523,0.089977,0.003058,0.013004
115,0.961403,0.008735,0.003731,0.000394,0.005808,0.001900,0.003847,0.012960,0.001053,0.000169
116,0.422002,0.003765,0.001707,0.274855,0.062303,0.015281,0.015635,0.142711,0.024632,0.037108
117,0.884918,0.024855,0.026852,0.003789,0.012438,0.008276,0.032487,0.001174,0.003698,0.001513
118,0.904736,0.008481,0.073247,0.000239,0.000104,0.003445,0.004322,0.001577,0.000155,0.003693
119,0.923909,0.004603,0.012292,0.001566,0.021631,0.004899,0.022187,0.005964,0.000364,0.002584
120,0.723502,0.038986,0.157986,0.000964,0.012556,0.002547,0.003881,0.043448,0.003487,0.012644
121,0.922519,0.013717,0.005290,0.000318,0.000432,0.038331,0.002281,0.014931,0.000044,0.002138
122,0.952945,0.018895,0.001192,0.000650,0.005567,0.013153,0.002829,0.002502,0.000178,0.002089
123,0.158396,0.529519,0.009757,0.201873,0.022930,0.064682,0.003234,0.002189,0.003781,0.003640
124,0.930065,0.012091,0.001486,0.000673,0.022035,0.008400,0.015137,0.004006,0.001127,0.004980
125,0.192546,0.014361,0.699879,0.003368,0.052814,0.008172,0.024669,0.001235,0.000501,0.002453
126,0.203489,0.340021,0.034123,0.013605,0.104863,0.080012,0.034806,0.005050,0.167877,0.016153
127,0.884077,0.047165,0.004634,0.000982,0.010367,0.008956,0.013427,0.007026,0.001051,0.022315
128,0.917359,0.038611,0.019555,0.005639,0.000343,0.012001,0.003520,0.001680,0.000016,0.001276
129,0.002912,0.347350,0.049762,0.403991,0.001888,0.035960,0.004693,0.000522,0.143200,0.009722
130,0.176967,0.804775,0.000861,0.010142,0.003257,0.001126,0.001680,0.000093,0.000003,0.001096
131,0.160744,0.005792,0.003193,0.017332,0.633197,0.137180,0.038347,0.000771,0.003405,0.000040
132,0.739574,0.002078,0.003419,0.000131,0.031981,0.003152,0.011816,0.179003,0.000116,0.028730
133,0.868316,0.020862,0.002554,0.002756,0.034828,0.008820,0.030058,0.022884,0.000354,0.008570
134,0.035467,0.051047,0.013776,0.168526,0.233235,0.170555,0.083391,0.056055,0.108436,0.079512
135,0.838955,0.014566,0.078687,0.012242,0.017747,0.018340,0.013468,0.000599,0.001720,0.003677
136,0.096029,0.040148,0.002344,0.637477,0.038961,0.139600,0.015376,0.024969,0.001526,0.003569
137,0.115367,0.046903,0.057444,0.009785,0.001511,0.745383,0.007211,0.001111,0.014836,0.000449
138,0.096021,0.006716,0.796396,0.008253,0.068747,0.020273,0.001995,0.000115,0.000398,0.001085
139,0.495525,0.024347,0.190593,0.101984,0.034060,0.094113,0.043197,0.009157,0.003219,0.003805
140,0.754734,0.129083,0.001636,0.004575,0.003997,0.014359,0.004425,0.080695,0.000723,0.005771
141,0.763933,0.043647,0.004417,0.006667,0.006718,0.010295,0.008705,0.143787,0.009860,0.001971
142,0.427397,0.042883,0.008881,0.003761,0.006112,0.001652,0.010073,0.460000,0.000164,0.039076
143,0.382550,0.138765,0.007880,0.002409,0.265940,0.030605,0.112809,0.057724,0.000537,0.000780
144,0.949781,0.008503,0.005061,0.000746,0.001467,0.000683,0.004285,0.028177,0.000003,0.001295
145,0.366781,0.017880,0.055229,0.038647,0.053567,0.193012,0.147704,0.016872,0.029181,0.081126
146,0.531088,0.007705,0.000334,0.000136,0.008267,0.001642,0.012225,0.306490,0.130654,0.001458
147,0.208534,0.694652,0.000466,0.009690,0.012862,0.000489,0.025249,0.046157,0.000289,0.001613
148,0.790260,0.043287,0.002260,0.033372,0.042299,0.054927,0.016771,0.010182,0.004947,0.001693
149,0.042985,0.108489,0.041044,0.000266,0.654885,0.018565,0.012987,0.000051,0.120368,0.000361
150,0.775892,0.133445,0.067584,0.001327,0.009567,0.005798,0.003286,0.002385,0.000279,0.000437
151,0.480832,0.432213,0.011482,0.036637,0.001796,0.006189,0.027309,0.000730,0.001836,0.000975
152,0.622540,0.003193,0.013641,0.095175,0.071735,0.065386,0.033904,0.052716,0.038623,0.003088
153,0.126314,0.833217,0.002871,0.012982,0.011736,0.000581,0.009793,0.001198,0.000412,0.000896
154,0.057374,0.343418,0.012862,0.199670,0.251555,0.025166,0.105267,0.002262,0.000297,0.002129
155,0.193977,0.281640,0.032945,0.057999,0.020116,0.317511,0.008275,0.001346,0.000829,0.085361
156,0.817910,0.132991,0.003632,0.009361,0.004408,0.014290,0.007388,0.004708,0.000330,0.004981
157,0.168327,0.013213,0.078105,0.000478,0.070703,0.014145,0.199293,0.343647,0.000785,0.111303
158,0.485432,0.020390,0.004983,0.002945,0.070577,0.014920,0.066997,0.330487,0.001858,0.001411
159,0.709279,0.034025,0.003504,0.013494,0.034513,0.032331,0.050107,0.113777,0.005638,0.003332
160,0.498795,0.041619,0.001627,0.009553,0.293937,0.025715,0.094482,0.000372,0.031295,0.002604
161,0.848133,0.015039,0.007481,0.000420,0.038783,0.007635,0.055574,0.020464,0.003181,0.003290
162,0.453884,0.145381,0.025966,0.114872,0.020984,0.147072,0.070181,0.001472,0.006652,0.013536
163,0.531861,0.023645,0.019941,0.014976,0.107538,0.063183,0.071181,0.152964,0.006951,0.007762
164,0.118298,0.574900,0.002120,0.028063,0.000149,0.275046,0.001212,0.000059,0.000037,0.000115
165,0.156886,0.019106,0.023345,0.305718,0.201890,0.065363,0.093876,0.025871,0.007672,0.100272
166,0.596366,0.080093,0.043075,0.017731,0.012711,0.045222,0.038556,0.117452,0.035561,0.013234
167,0.434778,0.019362,0.006980,0.023738,0.134531,0.047424,0.055767,0.238856,0.023256,0.015309
168,0.887845,0.026969,0.044134,0.000080,0.011591,0.010713,0.012901,0.002936,0.000183,0.002648
169,0.561333,0.046518,0.036548,0.133517,0.018498,0.182578,0.003521,0.003580,0.000071,0.013835
170,0.314532,0.043643,0.002940,0.339745,0.130653,0.113569,0.009656,0.018053,0.002044,0.025165
171,0.191411,0.636951,0.029192,0.079481,0.001430,0.019143,0.042161,0.000095,0.000022,0.000115
172,0.263773,0.038214,0.010743,0.037401,0.275587,0.138507,0.027911,0.186308,0.001740,0.019815
173,0.567518,0.001774,0.003061,0.003467,0.038412,0.020569,0.025723,0.331363,0.005058,0.003055
174,0.523166,0.028369,0.006149,0.117825,0.036953,0.096354,0.002857,0.160302,0.005985,0.022040
175,0.911230,0.004661,0.050260,0.003788,0.003851,0.001041,0.021482,0.000833,0.000082,0.002772
176,0.351121,0.637392,0.000424,0.002385,0.000913,0.000311,0.004772,0.002233,0.000031,0.000418
177,0.726850,0.215418,0.028768,0.000368,0.006430,0.012901,0.003345,0.003958,0.000129,0.001832
178,0.538899,0.138734,0.001752,0.034728,0.155258,0.038963,0.053739,0.008314,0.000841,0.028772
179,0.118285,0.010393,0.026855,0.006257,0.019869,0.315927,0.007298,0.276695,0.000419,0.218003
180,0.780321,0.085570,0.007038,0.005988,0.014837,0.005388,0.070041,0.008930,0.000043,0.021843
181,0.846516,0.006534,0.001207,0.007076,0.006367,0.015411,0.005503,0.085505,0.000132,0.025749
182,0.842823,0.038970,0.006558,0.022370,0.015209,0.020184,0.002285,0.048640,0.000011,0.002950
183,0.062635,0.884620,0.016457,0.020571,0.004017,0.001254,0.009983,0.000056,0.000377,0.000030
184,0.241906,0.364241,0.006318,0.050924,0.001042,0.242130,0.092405,0.000047,0.000119,0.000868
185,0.534718,0.241472,0.005442,0.080506,0.050430,0.050813,0.024745,0.001715,0.009740,0.000419
186,0.881897,0.068851,0.000760,0.000295,0.038165,0.006073,0.002776,0.000514,0.000014,0.000655
187,0.084298,0.007877,0.810662,0.007752,0.020324,0.050249,0.003548,0.009503,0.004905,0.000884
188,0.738332,0.001131,0.084887,0.004952,0.016957,0.068410,0.009952,0.063294,0.002526,0.009560
189,0.707586,0.129284,0.012747,0.053951,0.028755,0.005683,0.052107,0.004453,0.000723,0.004712
190,0.128631,0.044172,0.003234,0.426052,0.148873,0.056621,0.043390,0.046847,0.001204,0.100976
191,0.114204,0.446791,0.104041,0.029105,0.094404,0.019294,0.149687,0.020838,0.004206,0.017429
192,0.285712,0.697675,0.012442,0.002056,0.000950,0.000565,0.000364,0.000139,0.000047,0.000050
193,0.799399,0.066360,0.003761,0.000627,0.056093,0.014645,0.030590,0.018226,0.004392,0.005909
194,0.162352,0.000335,0.109275,0.010660,0.102016,0.088757,0.024211,0.001327,0.495785,0.005282
195,0.759007,0.010721,0.000144,0.030671,0.046642,0.016068,0.110226,0.013443,0.006782,0.006295
196,0.095589,0.030974,0.850280,0.000519,0.002262,0.013162,0.002683,0.002955,0.000167,0.001409
197,0.033675,0.477920,0.482523,0.000439,0.000766,0.000274,0.002636,0.000142,0.001566,0.000059
198,0.876322,0.076500,0.000168,0.000844,0.010889,0.028877,0.004467,0.001234,0.000337,0.000362
199,0.598329,0.347320,0.002987,0.011241,0.000091,0.001454,0.028859,0.006536,0.000059,0.003123
200,0.539670,0.035729,0.002904,0.155750,0.071346,0.032326,0.013479,0.134259,0.004287,0.010250
201,0.169624,0.725019,0.005931,0.045546,0.000240,0.001157,0.050462,0.001607,0.000182,0.000232
202,0.676973,0.022670,0.041353,0.036234,0.159531,0.031379,0.014838,0.001964,0.013803,0.001255
203,0.080791,0.005317,0.001274,0.187330,0.007460,0.048415,0.353093,0.002947,0.004921,0.308451
204,0.880528,0.070877,0.009825,0.000481,0.001461,0.009904,0.003610,0.006522,0.000073,0.016718
205,0.526022,0.089762,0.026852,0.207580,0.010030,0.068666,0.009902,0.002265,0.000237,0.058683
206,0.589180,0.124188,0.008159,0.004022,0.050619,0.099396,0.038724,0.069740,0.003065,0.012908
207,0.116814,0.602127,0.037105,0.002687,0.020285,0.174276,0.004955,0.000856,0.034003,0.006893
208,0.804571,0.089281,0.008984,0.012721,0.018088,0.015597,0.038089,0.008318,0.000137,0.004215
209,0.149209,0.123662,0.044931,0.149207,0.306513,0.013608,0.108791,0.015081,0.074535,0.014463
210,0.078363,0.028293,0.795291,0.003451,0.010873,0.061181,0.005091,0.010365,0.006343,0.000749
211,0.634725,0.119979,0.003727,0.167492,0.001706,0.038815,0.008911,0.022905,0.000695,0.001044
212,0.029407,0.186441,0.065647,0.361456,0.128188,0.130802,0.008789,0.003190,0.076204,0.009877
213,0.269648,0.037449,0.015714,0.164514,0.012578,0.096886,0.007626,0.052876,0.001949,0.340760
214,0.870626,0.067262,0.004379,0.001625,0.028004,0.007177,0.007179,0.006877,0.000978,0.005893
215,0.922803,0.010025,0.040081,0.000094,0.003687,0.000854,0.003164,0.018395,0.000229,0.000667
216,0.866816,0.026797,0.008532,0.026597,0.013432,0.030881,0.013698,0.011814,0.000613,0.000820
217,0.744738,0.001142,0.015067,0.025883,0.085008,0.031761,0.061076,0.018034,0.003026,0.014265
218,0.267492,0.658521,0.002723,0.002153,0.007080,0.002465,0.032223,0.022619,0.002345,0.002380
219,0.504513,0.071693,0.047403,0.148369,0.016786,0.137709,0.010072,0.008268,0.003778,0.051410
220,0.586522,0.351561,0.000183,0.006568,0.004989,0.039635,0.005654,0.004154,0.000114,0.000621
221,0.468881,0.109421,0.025280,0.006888,0.271435,0.056349,0.027207,0.023528,0.010695,0.000316
222,0.856887,0.003929,0.016722,0.043423,0.049494,0.004998,0.004620,0.015016,0.000498,0.004413
223,0.838117,0.147887,0.003413,0.000297,0.002268,0.002836,0.002695,0.000900,0.000104,0.001484
224,0.786250,0.040403,0.003442,0.006967,0.104127,0.020171,0.011018,0.021966,0.003962,0.001694
225,0.293276,0.377545,0.005514,0.317825,0.001065,0.001916,0.000682,0.000007,0.000026,0.002146
226,0.076898,0.759392,0.084064,0.000061,0.008892,0.047536,0.002292,0.007744,0.004000,0.009121
227,0.940683,0.007431,0.011013,0.000477,0.005181,0.029282,0.004264,0.000636,0.000042,0.000990
228,0.040292,0.124222,0.062410,0.376729,0.080380,0.058594,0.002330,0.006872,0.034080,0.214090
229,0.064687,0.184063,0.724381,0.000721,0.004144,0.013440,0.003193,0.001002,0.000453,0.003916
230,0.900974,0.042147,0.018847,0.000838,0.012129,0.001450,0.020224,0.002608,0.000144,0.000639
231,0.557958,0.113091,0.188356,0.019044,0.017916,0.045987,0.027985,0.024569,0.003818,0.001276
232,0.131030,0.004573,0.342085,0.111520,0.024886,0.038214,0.007467,0.300541,0.014083,0.025602
233,0.419664,0.170318,0.003148,0.151890,0.195145,0.009131,0.030979,0.004648,0.000562,0.014515
234,0.902404,0.009344,0.013407,0.000248,0.018935,0.001412,0.042806,0.005748,0.000273,0.005423
235,0.499067,0.001580,0.012036,0.051271,0.024466,0.214590,0.051511,0.115816,0.005536,0.024128
236,0.898232,0.021845,0.002249,0.000430,0.015361,0.007013,0.039712,0.008259,0.000735,0.006165
237,0.350265,0.031483,0.526874,0.007194,0.004495,0.037497,0.013946,0.021876,0.000456,0.005914
238,0.059513,0.016902,0.019324,0.223110,0.546031,0.116574,0.013130,0.002517,0.002522,0.000377
239,0.673108,0.012038,0.009208,0.011169,0.183056,0.026253,0.011218,0.052085,0.001550,0.020315
240,0.744292,0.001811,0.073242,0.000615,0.021028,0.012902,0.093472,0.049267,0.002465,0.000906
241,0.582984,0.018295,0.010721,0.005099,0.009490,0.005742,0.051927,0.273839,0.028877,0.013027
242,0.767127,0.151097,0.001627,0.000444,0.004610,0.005087,0.005278,0.001222,0.000497,0.063010
243,0.661048,0.007948,0.002240,0.000575,0.015745,0.005653,0.167942,0.087010,0.036349,0.015489
244,0.753687,0.178957,0.003531,0.019354,0.009087,0.015569,0.010676,0.003522,0.003898,0.001720
245,0.703921,0.017879,0.181111,0.002822,0.054522,0.005372,0.008482,0.008082,0.001928,0.015881
246,0.681838,0.225442,0.017937,0.042509,0.005771,0.004631,0.006394,0.001456,0.000068,0.013953
247,0.129626,0.469948,0.282240,0.003340,0.001810,0.002766,0.054847,0.001268,0.040654,0.013501
248,0.070560,0.843914,0.004976,0.012117,0.010167,0.037012,0.019008,0.000764,0.000081,0.001400
249,0.817148,0.058018,0.048823,0.009359,0.006356,0.008323,0.045249,0.002690,0.000416,0.003618
250,0.321972,0.644420,0.002855,0.006393,0.004494,0.004507,0.009357,0.004193,0.000228,0.001582
251,0.981187,0.001376,0.002358,0.000002,0.002072,0.000406,0.000183,0.011555,0.000058,0.000803
252,0.707885,0.050488,0.016486,0.089262,0.021720,0.038648,0.031118,0.011389,0.001154,0.031850
253,0.739200,0.167014,0.001030,0.000467,0.080695,0.000987,0.003513,0.005673,0.000084,0.001337
254,0.227296,0.066758,0.663463,0.010751,0.013454,0.006173,0.008815,0.002192,0.000287,0.000811
255,0.899235,0.015206,0.000965,0.003139,0.046911,0.029666,0.002108,0.001196,0.001263,0.000310
256,0.195031,0.715673,0.001764,0.000181,0.000006,0.016829,0.044504,0.000043,0.000000,0.025970
257,0.767695,0.020338,0.004510,0.003513,0.104125,0.020739,0.010937,0.058506,0.004834,0.004804
258,0.549481,0.068697,0.004892,0.316396,0.007895,0.012569,0.010009,0.017159,0.002147,0.010754
259,0.891880,0.009696,0.003849,0.001065,0.020265,0.003589,0.050719,0.010871,0.001392,0.006673
260,0.337883,0.195101,0.002834,0.337760,0.033395,0.053130,0.033869,0.001608,0.000550,0.003868
261,0.256149,0.004341,0.005497,0.041426,0.026757,0.629159,0.011683,0.022617,0.001703,0.000668
262,0.485621,0.439708,0.000154,0.043708,0.004762,0.013588,0.010857,0.000834,0.000507,0.000261
263,0.931572,0.033834,0.017705,0.000117,0.001092,0.002498,0.008692,0.002431,0.000487,0.001572
264,0.523545,0.264539,0.016778,0.027644,0.050791,0.018272,0.061847,0.002986,0.001845,0.031753
265,0.499021,0.157210,0.003172,0.253822,0.027406,0.042863,0.010073,0.003735,0.000164,0.002534
266,0.059547,0.353921,0.013143,0.536680,0.003265,0.013863,0.014760,0.002664,0.000189,0.001967
267,0.881816,0.013560,0.027317,0.001129,0.055804,0.000368,0.016168,0.000312,0.000148,0.003379
268,0.760816,0.008151,0.000064,0.000609,0.000220,0.060288,0.018769,0.147626,0.002824,0.000633
269,0.651338,0.316427,0.000695,0.006699,0.005557,0.000648,0.010505,0.003296,0.000150,0.004684
270,0.198536,0.001528,0.012848,0.031951,0.179236,0.015338,0.043913,0.391884,0.003866,0.120900
271,0.372992,0.449797,0.000127,0.024597,0.000781,0.003584,0.044414,0.000397,0.000036,0.103274
272,0.219447,0.348297,0.124652,0.002423,0.001256,0.000775,0.297367,0.000831,0.000591,0.004362
273,0.148182,0.079812,0.034563,0.083370,0.081037,0.385818,0.104174,0.034761,0.001069,0.047215
274,0.197440,0.070531,0.013166,0.093249,0.070539,0.345788,0.021517,0.013893,0.172412,0.001464
275,0.143728,0.076726,0.001906,0.011319,0.026930,0.000528,0.376736,0.280049,0.000412,0.081667
276,0.539330,0.186413,0.001091,0.020664,0.109511,0.116765,0.022461,0.002510,0.000419,0.000836
277,0.499253,0.003556,0.003536,0.011554,0.331771,0.053984,0.026874,0.065129,0.001736,0.002607
278,0.814105,0.129245,0.005694,0.000261,0.002086,0.001211,0.001419,0.045070,0.000198,0.000712
279,0.445374,0.022092,0.005828,0.268041,0.009269,0.026001,0.003495,0.212515,0.004166,0.003219
280,0.657057,0.025250,0.001757,0.000425,0.053679,0.021817,0.220652,0.005172,0.014019,0.000173
281,0.078648,0.012508,0.170799,0.136557,0.407482,0.139610,0.017546,0.010837,0.007929,0.018084
282,0.964007,0.013631,0.008391,0.002689,0.005149,0.004178,0.000972,0.000236,0.000010,0.000738
283,0.690551,0.002935,0.004648,0.003918,0.000897,0.080536,0.011874,0.191872,0.000652,0.012117
284,0.459853,0.068314,0.004488,0.015867,0.092487,0.101075,0.022280,0.233302,0.000615,0.001719
285,0.662524,0.056478,0.000497,0.000910,0.005141,0.014371,0.005758,0.244978,0.005191,0.004151
286,0.076608,0.666646,0.161133,0.003067,0.001833,0.003795,0.022736,0.003129,0.000636,0.060418
287,0.291719,0.027721,0.173760,0.132119,0.180556,0.040283,0.040891,0.029739,0.051561,0.031651
288,0.775803,0.026786,0.008951,0.002072,0.092334,0.005481,0.009447,0.033291,0.007192,0.038643
289,0.229518,0.021379,0.000086,0.110319,0.003517,0.000464,0.074464,0.517227,0.000707,0.042320
290,0.696849,0.210822,0.001702,0.003135,0.006065,0.004973,0.008350,0.051497,0.000014,0.016594
291,0.935683,0.009963,0.008358,0.003189,0.000986,0.009807,0.000865,0.016335,0.000736,0.014079
292,0.720776,0.011856,0.001781,0.041887,0.034523,0.015524,0.025261,0.135944,0.001841,0.010607
293,0.008980,0.000768,0.328746,0.001300,0.000885,0.069834,0.006773,0.198122,0.034645,0.349948
294,0.870278,0.010297,0.005275,0.003437,0.007806,0.031319,0.032469,0.034749,0.000819,0.003552
295,0.272639,0.005676,0.000372,0.026004,0.262182,0.361727,0.024731,0.039768,0.000412,0.006489
296,0.129315,0.142434,0.018875,0.089440,0.001670,0.270724,0.002128,0.307054,0.002095,0.036265
297,0.923243,0.006260,0.014286,0.003117,0.003618,0.023408,0.007887,0.008496,0.003314,0.006371
298,0.744773,0.111882,0.001559,0.047894,0.039850,0.030542,0.009938,0.012256,0.000392,0.000914
299,0.826249,0.021587,0.003253,0.000305,0.001022,0.003264,0.062142,0.078880,0.001800,0.001498
300,0.780612,0.077888,0.000112,0.000257,0.110636,0.001753,0.004526,0.022705,0.000039,0.001472
301,0.772797,0.020946,0.018858,0.000404,0.034429,0.001633,0.037588,0.031236,0.002311,0.079798
302,0.678833,0.021408,0.006993,0.003584,0.136214,0.003992,0.001848,0.134816,0.000437,0.011876
303,0.352603,0.008247,0.001602,0.004466,0.035886,0.061118,0.015225,0.390609,0.118206,0.012038
304,0.956725,0.004368,0.001117,0.001903,0.019516,0.000998,0.014124,0.000584,0.000437,0.000228
305,0.014605,0.091198,0.571426,0.000290,0.000366,0.308509,0.007764,0.001092,0.001321,0.003429
306,0.716605,0.004725,0.226876,0.000789,0.000032,0.000469,0.001839,0.039711,0.001665,0.007290
307,0.844729,0.005317,0.000337,0.002174,0.008009,0.000740,0.058668,0.077654,0.000055,0.002316
308,0.930238,0.051237,0.003601,0.002113,0.003506,0.000890,0.002470,0.000142,0.000005,0.005797
309,0.526873,0.013629,0.024201,0.016335,0.235775,0.019183,0.152542,0.007121,0.001309,0.003032
310,0.894462,0.064114,0.002378,0.000200,0.004390,0.000949,0.015850,0.015471,0.001498,0.000687
311,0.518501,0.029951,0.010798,0.001534,0.055875,0.011972,0.007385,0.337378,0.000110,0.026496
312,0.079931,0.048568,0.819841,0.000072,0.000321,0.004681,0.005654,0.022879,0.005953,0.012101
313,0.356116,0.578590,0.007481,0.039427,0.002045,0.008397,0.004174,0.001102,0.000056,0.002612
314,0.335221,0.118749,0.367339,0.048935,0.011341,0.008295,0.096319,0.000286,0.005073,0.008442
315,0.082233,0.736498,0.031891,0.000140,0.001235,0.140562,0.004676,0.000079,0.000060,0.002625
316,0.140305,0.037442,0.685614,0.000889,0.010583,0.026466,0.027845,0.032529,0.030161,0.008166
317,0.281329,0.598650,0.092611,0.000364,0.000548,0.006027,0.003508,0.001145,0.010038,0.005780
318,0.875395,0.011113,0.004260,0.001961,0.031291,0.036153,0.015278,0.017801,0.004417,0.002331
319,0.353917,0.594454,0.002610,0.000121,0.009423,0.004718,0.013667,0.017094,0.002318,0.001678
320,0.957982,0.018873,0.003474,0.001339,0.005709,0.003165,0.005007,0.000688,0.000437,0.003326
321,0.840483,0.105043,0.016830,0.003703,0.008239,0.001340,0.013943,0.006081,0.000272,0.004066
322,0.244595,0.494796,0.021464,0.129277,0.042987,0.010319,0.039750,0.002076,0.012166,0.002572
323,0.509577,0.002137,0.007449,0.001605,0.023571,0.035544,0.014492,0.401469,0.001192,0.002964
324,0.817053,0.089421,0.019121,0.000351,0.010107,0.000948,0.035758,0.025080,0.000013,0.002149
325,0.881445,0.011251,0.002192,0.005358,0.000225,0.005755,0.000479,0.016597,0.000099,0.076598
326,0.181693,0.036173,0.002845,0.014663,0.010329,0.047299,0.027322,0.654998,0.005749,0.018929
327,0.142559,0.009706,0.033737,0.002503,0.052221,0.672824,0.001720,0.004520,0.079626,0.000584
328,0.806599,0.023418,0.005940,0.035702,0.092650,0.025934,0.003637,0.003116,0.001787,0.001217
329,0.791246,0.099255,0.003860,0.014339,0.026195,0.012157,0.041805,0.006356,0.000114,0.004673
330,0.711402,0.036157,0.001350,0.005074,0.130984,0.025434,0.039176,0.032732,0.001181,0.016512
331,0.512066,0.006014,0.000390,0.422897,0.006215,0.001251,0.003360,0.043466,0.000832,0.003509
332,0.337264,0.007192,0.482816,0.000198,0.064708,0.002352,0.036021,0.054756,0.000199,0.014492
333,0.793568,0.091864,0.028677,0.002110,0.003592,0.013507,0.013202,0.018756,0.001318,0.033406
334,0.948913,0.024021,0.001555,0.000078,0.001382,0.000306,0.008876,0.009953,0.000071,0.004844
335,0.951794,0.004785,0.014015,0.002255,0.003460,0.009618,0.003606,0.006796,0.001649,0.002023
336,0.809407,0.006646,0.090094,0.002186,0.004045,0.003539,0.015330,0.063073,0.000794,0.004886
337,0.800411,0.026790,0.010157,0.000267,0.060512,0.015389,0.001344,0.028118,0.000004,0.057008
338,0.294425,0.069350,0.025161,0.016904,0.038905,0.027426,0.024076,0.490085,0.001606,0.012063
339,0.056167,0.003719,0.394868,0.000409,0.317426,0.183766,0.018966,0.010988,0.013551,0.000141
340,0.106888,0.014248,0.015215,0.479879,0.006731,0.360463,0.001802,0.000519,0.009153,0.005103
341,0.378988,0.002296,0.007512,0.248518,0.012191,0.042849,0.007327,0.279706,0.001536,0.019076
342,0.101223,0.266203,0.003175,0.363272,0.048435,0.191336,0.021054,0.002387,0.001299,0.001616
343,0.890953,0.003451,0.002893,0.002206,0.070075,0.010646,0.003904,0.009548,0.000013,0.006310
344,0.420861,0.522761,0.008964,0.006765,0.024974,0.004788,0.006442,0.000093,0.000081,0.004271
345,0.785631,0.024989,0.000414,0.000353,0.005139,0.007303,0.011399,0.152518,0.005333,0.006920
346,0.435229,0.489935,0.008008,0.017615,0.008761,0.038228,0.001156,0.000193,0.000251,0.000623
347,0.078507,0.047329,0.558051,0.000172,0.113488,0.184157,0.013450,0.002203,0.002175,0.000470
348,0.065130,0.008248,0.840949,0.001496,0.060328,0.018358,0.000699,0.000414,0.004134,0.000244
349,0.072293,0.009601,0.012373,0.030739,0.526800,0.298360,0.018161,0.007514,0.008348,0.015811
350,0.818407,0.125921,0.032222,0.000317,0.000486,0.014946,0.002516,0.003409,0.000186,0.001591
351,0.927358,0.030688,0.001266,0.008159,0.002015,0.012753,0.013901,0.002623,0.000519,0.000716
352,0.052209,0.009892,0.589959,0.000349,0.035339,0.194783,0.010926,0.016180,0.087340,0.003023
353,0.162340,0.175156,0.364962,0.128231,0.046580,0.044297,0.069766,0.000601,0.007538,0.000528
354,0.453464,0.123802,0.013167,0.012718,0.042317,0.339193,0.006808,0.004940,0.001437,0.002154
355,0.784184,0.173509,0.001855,0.000879,0.005756,0.014792,0.003185,0.005897,0.000285,0.009657
356,0.956730,0.018095,0.010741,0.000154,0.004217,0.000573,0.001978,0.002177,0.000048,0.005287
357,0.545667,0.004841,0.001009,0.006180,0.012901,0.040422,0.016700,0.357148,0.013332,0.001800
358,0.348926,0.027585,0.616955,0.001455,0.000062,0.003525,0.000283,0.000013,0.000032,0.001163
359,0.500510,0.057912,0.089747,0.040819,0.100928,0.017111,0.080545,0.033036,0.000403,0.078988
360,0.931007,0.043938,0.000395,0.000073,0.006600,0.004375,0.003211,0.005819,0.002020,0.002563
361,0.394795,0.002710,0.001092,0.004495,0.003648,0.005435,0.011366,0.457129,0.002101,0.117229
362,0.526580,0.013760,0.001228,0.001538,0.443714,0.001645,0.002701,0.008232,0.000072,0.000530
363,0.736545,0.009802,0.001410,0.000598,0.006575,0.009369,0.005593,0.226091,0.000941,0.003075
364,0.032924,0.585051,0.315682,0.001930,0.018378,0.038806,0.003305,0.000447,0.002568,0.000910
365,0.144635,0.243349,0.005570,0.186499,0.051034,0.253935,0.022173,0.000540,0.091098,0.001166
366,0.187590,0.003009,0.711295,0.003050,0.036706,0.040979,0.006943,0.002428,0.007651,0.000348
367,0.878767,0.030652,0.007002,0.000244,0.053602,0.003440,0.007831,0.014778,0.001101,0.002582
368,0.564245,0.234984,0.054834,0.020498,0.003024,0.111232,0.007785,0.000079,0.000806,0.002513
369,0.047245,0.286587,0.013359,0.610061,0.007670,0.025132,0.004882,0.002650,0.000034,0.002381
370,0.235580,0.077882,0.013173,0.066794,0.003549,0.579782,0.015298,0.003705,0.002034,0.002201
371,0.522098,0.060460,0.089607,0.008905,0.127336,0.060686,0.010671,0.103776,0.001125,0.015336
372,0.422099,0.552480,0.000495,0.001055,0.001479,0.001590,0.005305,0.009809,0.000165,0.005522
373,0.789636,0.022847,0.002287,0.024896,0.032064,0.068764,0.039468,0.016450,0.000505,0.003082
374,0.566071,0.017982,0.003092,0.027783,0.106794,0.041122,0.036147,0.046223,0.007415,0.147371
375,0.892969,0.067837,0.004851,0.014944,0.003618,0.003441,0.006292,0.002663,0.000482,0.002903
376,0.289473,0.085271,0.012071,0.401186,0.099831,0.063254,0.006417,0.006407,0.005670,0.030419
377,0.232345,0.497047,0.041823,0.136558,0.014872,0.021168,0.044583,0.006305,0.000456,0.004843
378,0.882979,0.088421,0.000600,0.000403,0.006660,0.017474,0.002212,0.001087,0.000041,0.000121
379,0.938081,0.032600,0.004109,0.000379,0.000479,0.009961,0.000881,0.008722,0.001982,0.002807
380,0.776038,0.101085,0.002837,0.010177,0.000921,0.001422,0.065660,0.014069,0.000147,0.027644
381,0.661510,0.006318,0.005883,0.002727,0.031187,0.020969,0.002187,0.260409,0.000867,0.007943
382,0.925961,0.028876,0.002097,0.001684,0.001707,0.002392,0.002385,0.014175,0.002737,0.017985
383,0.887637,0.010575,0.036278,0.001935,0.006751,0.015184,0.003626,0.032410,0.000210,0.005395
384,0.929395,0.039996,0.006313,0.001615,0.001679,0.002661,0.007475,0.003585,0.000032,0.007249
385,0.762870,0.008235,0.004993,0.162976,0.017557,0.014235,0.004102,0.012122,0.000648,0.012261
386,0.089342,0.014106,0.414504,0.007773,0.064464,0.274167,0.047682,0.003734,0.083462,0.000766
387,0.062241,0.056620,0.744464,0.009922,0.000724,0.113412,0.003058,0.005058,0.001839,0.002663
388,0.904716,0.059307,0.008814,0.007278,0.006461,0.003941,0.008501,0.000485,0.000051,0.000446
389,0.947439,0.014649,0.021479,0.000846,0.000979,0.001433,0.000588,0.000804,0.000038,0.011746
390,0.099653,0.730830,0.001474,0.059050,0.001453,0.096168,0.004371,0.001513,0.002835,0.002654
391,0.199276,0.067661,0.022900,0.086522,0.241090,0.013363,0.079552,0.031400,0.000446,0.257788
392,0.902211,0.008950,0.053912,0.000089,0.000644,0.007691,0.007291,0.004849,0.000088,0.014276
393,0.127568,0.009083,0.000367,0.040315,0.217133,0.377963,0.134796,0.060637,0.007259,0.024879
394,0.919413,0.049202,0.013261,0.000185,0.006941,0.003837,0.006584,0.000126,0.000293,0.000157
395,0.090129,0.033740,0.030087,0.687311,0.006584,0.010879,0.011459,0.000960,0.000157,0.128693
396,0.249649,0.027970,0.086108,0.002353,0.235785,0.008923,0.308504,0.043034,0.008250,0.029424
397,0.897996,0.045840,0.005696,0.000044,0.008378,0.002276,0.035714,0.001682,0.001278,0.001097
398,0.294985,0.106755,0.045251,0.093800,0.012039,0.268670,0.075888,0.036035,0.044335,0.022242
399,0.379815,0.016523,0.057672,0.017060,0.000920,0.018745,0.003518,0.493598,0.000198,0.011951
400,0.476108,0.000890,0.000448,0.010852,0.004917,0.006518,0.006280,0.475011,0.000693,0.018283
401,0.143240,0.792679,0.003313,0.000063,0.001983,0.053641,0.001788,0.000199,0.002405,0.000688
402,0.812868,0.113937,0.062501,0.001306,0.000775,0.002979,0.000110,0.000353,0.000010,0.005161
403,0.210442,0.021388,0.001233,0.301316,0.021463,0.072466,0.070267,0.105938,0.000164,0.195321
404,0.456213,0.517035,0.000993,0.013717,0.000505,0.003847,0.007282,0.000078,0.000067,0.000263
405,0.379898,0.540490,0.003168,0.005885,0.038021,0.004937,0.020203,0.000626,0.000069,0.006702
406,0.065353,0.855176,0.049011,0.024829,0.000218,0.003922,0.001204,0.000065,0.000003,0.000219
407,0.539569,0.215286,0.033074,0.018376,0.096168,0.071549,0.007410,0.004757,0.000038,0.013773
408,0.724689,0.124653,0.015581,0.030492,0.010008,0.016574,0.046056,0.003044,0.000126,0.028778
409,0.888695,0.077726,0.012648,0.000332,0.001236,0.001092,0.000769,0.004650,0.000248,0.012604
410,0.926189,0.030072,0.000511,0.001020,0.003576,0.001153,0.001782,0.028658,0.000451,0.006588
411,0.769333,0.007578,0.020326,0.018856,0.003833,0.015678,0.000713,0.155951,0.000500,0.007232
412,0.436337,0.049688,0.023343,0.198847,0.095667,0.129226,0.035166,0.010673,0.001444,0.019608
413,0.268227,0.005073,0.015253,0.002505,0.001910,0.060942,0.010930,0.624109,0.009152,0.001900
414,0.780218,0.009141,0.002341,0.005632,0.049446,0.008205,0.087567,0.038323,0.009557,0.009571
415,0.366612,0.601887,0.015720,0.002356,0.002764,0.004231,0.005095,0.000669,0.000065,0.000601
416,0.969574,0.004593,0.004741,0.000285,0.006525,0.003024,0.009655,0.000654,0.000140,0.000809
417,0.008273,0.093426,0.004142,0.019858,0.123276,0.175542,0.014341,0.000691,0.382391,0.178061
418,0.960544,0.006409,0.002514,0.000326,0.003659,0.003270,0.001595,0.008647,0.012347,0.000689
419,0.153019,0.011338,0.002516,0.300333,0.016359,0.485026,0.009246,0.020799,0.001193,0.000170
420,0.498682,0.100971,0.245438,0.005406,0.092780,0.034436,0.015938,0.000286,0.004747,0.001316
421,0.866744,0.058547,0.006594,0.020634,0.000474,0.016223,0.027179,0.001271,0.000362,0.001972
422,0.574567,0.236580,0.004421,0.066087,0.008020,0.069605,0.011475,0.016174,0.003908,0.009163
423,0.593321,0.226035,0.002557,0.000289,0.021116,0.000669,0.117362,0.001613,0.000023,0.037015
424,0.603618,0.071391,0.002262,0.064576,0.021444,0.173678,0.044200,0.005847,0.010129,0.002854
425,0.648199,0.034180,0.003594,0.002076,0.012911,0.005097,0.011574,0.271324,0.004828,0.006217
