Sample_id,Class_1,Class_2,Class_3,Class_4,Class_5,Class_6,Class_7,Class_8,Class_9,Class_10
1,0.120147,0.054655,0.502418,0.003703,0.030611,0.062249,0.198534,0.002544,0.019771,0.005369
2,0.025631,0.006185,0.053669,0.004278,0.010789,0.004495,0.057391,0.002082,0.834341,0.001140
3,0.808547,0.019514,0.000722,0.001274,0.058077,0.010398,0.039508,0.046277,0.000170,0.015513
4,0.966337,0.013693,0.001128,0.001864,0.005468,0.003761,0.003578,0.002374,0.000627,0.001171
5,0.969659,0.002656,0.000284,0.000305,0.000242,0.010659,0.000174,0.015055,0.000367,0.000598
6,0.621854,0.004115,0.000705,0.002803,0.134514,0.065082,0.029864,0.138440,0.000093,0.002531
7,0.185203,0.035333,0.010798,0.028061,0.285846,0.106023,0.036052,0.003000,0.305909,0.003777
8,0.596437,0.008533,0.001716,0.001859,0.112462,0.002909,0.023828,0.242260,0.001084,0.008912
9,0.980181,0.001404,0.001191,0.000551,0.008156,0.001879,0.004348,0.001946,0.000010,0.000334
10,0.412420,0.545385,0.015999,0.001852,0.001564,0.003288,0.001698,0.011060,0.006380,0.000355
11,0.888993,0.022968,0.002673,0.000561,0.024654,0.010029,0.041863,0.007667,0.000051,0.000541
12,0.018490,0.005240,0.042381,0.062803,0.294122,0.001812,0.044505,0.019176,0.000100,0.511371
13,0.854694,0.058143,0.016207,0.003651,0.012387,0.019196,0.021684,0.001374,0.002551,0.010112
14,0.167472,0.013444,0.007490,0.277585,0.074259,0.009423,0.003427,0.189255,0.025683,0.231962
15,0.252957,0.036121,0.002170,0.578572,0.006487,0.087994,0.030336,0.001950,0.000339,0.003074
16,0.281572,0.043925,0.000769,0.042366,0.020545,0.002971,0.026648,0.554965,0.000227,0.026012
17,0.355924,0.195387,0.141729,0.012712,0.075168,0.140996,0.014832,0.011309,0.044357,0.007586
18,0.990413,0.006803,0.000362,0.000048,0.000348,0.001733,0.000071,0.000174,0.000044,0.000003
19,0.123845,0.007004,0.591336,0.001648,0.002392,0.209896,0.008331,0.046787,0.006805,0.001956
20,0.236437,0.744991,0.001777,0.002781,0.004296,0.001957,0.004896,0.000084,0.002594,0.000188
21,0.296024,0.511853,0.184706,0.000225,0.000338,0.002690,0.002637,0.000177,0.000141,0.001208
22,0.672420,0.007565,0.029356,0.002512,0.017152,0.052784,0.032291,0.146273,0.002154,0.037493
23,0.927878,0.014365,0.007839,0.020279,0.007546,0.008912,0.002527,0.008208,0.000064,0.002383
24,0.466963,0.354033,0.003553,0.042817,0.003248,0.061843,0.019164,0.036503,0.000428,0.011448
25,0.820533,0.103618,0.021931,0.000719,0.002203,0.009542,0.008260,0.031690,0.000328,0.001175
26,0.078476,0.162052,0.010377,0.533939,0.088873,0.012559,0.087997,0.001065,0.000627,0.024034
27,0.055746,0.472152,0.434330,0.001869,0.002106,0.021411,0.008088,0.000416,0.002460,0.001422
28,0.288641,0.002796,0.013250,0.003770,0.030712,0.011568,0.007979,0.605620,0.018657,0.017008
29,0.701024,0.002339,0.002535,0.006975,0.046800,0.053050,0.007664,0.151723,0.021459,0.006432
30,0.968079,0.007519,0.003050,0.000323,0.005467,0.005148,0.002224,0.006484,0.001669,0.000037
31,0.062722,0.027668,0.004008,0.636382,0.011279,0.022535,0.034175,0.002661,0.000057,0.198513
32,0.975369,0.007125,0.004601,0.000751,0.001681,0.000824,0.001507,0.001999,0.000097,0.006045
33,0.642197,0.036793,0.003266,0.001955,0.008410,0.008284,0.082822,0.191840,0.000563,0.023869
34,0.347137,0.017796,0.025242,0.066501,0.105200,0.126411,0.026008,0.094069,0.131605,0.060032
35,0.072420,0.074539,0.004535,0.806714,0.002986,0.003528,0.003118,0.000634,0.000433,0.031091
36,0.029222,0.071612,0.047179,0.054424,0.004321,0.787449,0.000792,0.001821,0.000457,0.002724
37,0.928947,0.024811,0.001881,0.010204,0.003298,0.004383,0.004034,0.020924,0.000146,0.001371
38,0.958202,0.001497,0.000576,0.000778,0.017472,0.006338,0.001907,0.009622,0.003507,0.000103
39,0.985031,0.009830,0.000301,0.000822,0.000887,0.000476,0.000077,0.001714,0.000017,0.000847
40,0.228664,0.589310,0.018268,0.052958,0.039642,0.048211,0.014335,0.002102,0.004132,0.002379
41,0.883202,0.008098,0.002595,0.001805,0.023404,0.020382,0.017758,0.028557,0.000738,0.013462
42,0.440164,0.543632,0.001203,0.001247,0.002336,0.001122,0.000631,0.004944,0.004057,0.000664
43,0.061384,0.001807,0.717149,0.000180,0.006263,0.017153,0.029717,0.019907,0.002000,0.144439
44,0.687416,0.057079,0.117014,0.008354,0.013829,0.051585,0.004837,0.048574,0.007280,0.004032
45,0.843693,0.067775,0.009343,0.015704,0.012727,0.006707,0.024311,0.003398,0.001665,0.014676
46,0.027815,0.969390,0.000453,0.000318,0.001222,0.000269,0.000390,0.000118,0.000021,0.000005
47,0.313395,0.650362,0.005818,0.002932,0.010715,0.001778,0.011900,0.000151,0.002586,0.000362
48,0.891062,0.042787,0.000599,0.007098,0.021347,0.015186,0.019981,0.000906,0.000305,0.000730
49,0.263652,0.021547,0.002076,0.201891,0.028789,0.205575,0.003518,0.249548,0.000221,0.023184
50,0.657326,0.110118,0.004460,0.029538,0.024439,0.087822,0.027476,0.044989,0.009946,0.003887
51,0.033912,0.856494,0.108678,0.000211,0.000007,0.000615,0.000031,0.000002,0.000001,0.000047
52,0.093586,0.012685,0.679000,0.000855,0.026275,0.168297,0.001941,0.006059,0.011172,0.000130
53,0.102673,0.031041,0.011506,0.195795,0.045297,0.097505,0.489688,0.004890,0.012659,0.008946
54,0.715355,0.029626,0.001277,0.009325,0.152751,0.007218,0.009098,0.071661,0.000564,0.003124
55,0.000962,0.000834,0.991664,0.000011,0.000129,0.003009,0.000040,0.000034,0.003307,0.000009
56,0.016987,0.012715,0.897755,0.002309,0.004255,0.009599,0.003228,0.000149,0.052629,0.000374
57,0.008404,0.004394,0.005283,0.010302,0.340668,0.080009,0.032937,0.007149,0.388736,0.122119
58,0.958963,0.020815,0.004240,0.000255,0.004275,0.001105,0.001098,0.007860,0.000122,0.001268
59,0.000118,0.000425,0.960793,0.000096,0.006189,0.018438,0.000007,0.000006,0.013926,0.000003
60,0.469058,0.422561,0.022691,0.003574,0.035249,0.014640,0.018421,0.012155,0.000322,0.001329
61,0.753858,0.012786,0.005737,0.039393,0.029186,0.044836,0.071706,0.012434,0.001905,0.028159
62,0.954173,0.010412,0.018667,0.000875,0.004740,0.003491,0.000619,0.001906,0.000067,0.005049
63,0.087314,0.242576,0.001629,0.560255,0.030945,0.040634,0.013222,0.012819,0.001309,0.009297
64,0.966151,0.000924,0.002599,0.005580,0.001340,0.003810,0.002647,0.015765,0.000906,0.000277
65,0.438592,0.019249,0.011719,0.115655,0.101922,0.203411,0.051656,0.018878,0.034889,0.004029
66,0.387743,0.549394,0.003161,0.002877,0.008632,0.000505,0.000634,0.000491,0.000061,0.046503
67,0.870251,0.019172,0.006369,0.001979,0.001047,0.034840,0.000423,0.050271,0.012068,0.003580
68,0.023409,0.658639,0.000532,0.265555,0.011174,0.001869,0.037652,0.000316,0.000009,0.000843
69,0.054661,0.848192,0.010986,0.042999,0.027854,0.007613,0.006714,0.000124,0.000205,0.000651
70,0.813113,0.071804,0.055459,0.014202,0.010396,0.014662,0.002329,0.008747,0.000846,0.008442
71,0.983451,0.000534,0.000394,0.000001,0.001005,0.000525,0.000156,0.013326,0.000042,0.000566
72,0.533238,0.037388,0.004375,0.009003,0.293506,0.013662,0.018896,0.080321,0.002244,0.007368
73,0.522870,0.018325,0.003335,0.027984,0.009893,0.101857,0.001602,0.293359,0.000571,0.020204
74,0.175748,0.017034,0.042160,0.034161,0.227018,0.015742,0.294877,0.011115,0.000135,0.182010
75,0.422021,0.003489,0.004865,0.000273,0.001439,0.001357,0.003163,0.560220,0.001271,0.001902
76,0.003976,0.877422,0.117155,0.000030,0.000018,0.001249,0.000121,0.000001,0.000023,0.000004
77,0.890370,0.100425,0.002515,0.000205,0.000251,0.004027,0.000112,0.002053,0.000007,0.000036
78,0.035693,0.069815,0.681936,0.004075,0.001804,0.153923,0.008820,0.000433,0.036276,0.007226
79,0.054534,0.004786,0.006168,0.006121,0.056646,0.141906,0.015991,0.001112,0.710484,0.002252
80,0.475579,0.079732,0.031512,0.026873,0.021293,0.038549,0.023924,0.033905,0.024264,0.244368
81,0.016418,0.051927,0.327426,0.009355,0.004741,0.234002,0.002094,0.000219,0.314060,0.039758
82,0.750234,0.021588,0.003365,0.019880,0.022286,0.005461,0.106876,0.058857,0.008757,0.002695
83,0.825319,0.013299,0.001073,0.001010,0.004420,0.005916,0.026391,0.090538,0.023901,0.008133
84,0.406309,0.563923,0.005370,0.014881,0.002152,0.004633,0.001531,0.000628,0.000008,0.000565
85,0.000850,0.001729,0.336819,0.000974,0.000644,0.015646,0.001548,0.000014,0.641768,0.000008
86,0.801376,0.007798,0.004725,0.001666,0.016484,0.004977,0.027086,0.119645,0.000180,0.016063
87,0.104509,0.183657,0.011269,0.558758,0.015869,0.007558,0.080891,0.000021,0.000018,0.037451
88,0.025343,0.109881,0.397924,0.015248,0.005727,0.429665,0.002954,0.000168,0.003859,0.009230
89,0.042138,0.001767,0.010094,0.465076,0.010423,0.023555,0.002589,0.415681,0.000448,0.028230
90,0.799979,0.010513,0.003765,0.025738,0.020052,0.023034,0.041561,0.063462,0.001940,0.009956
91,0.431824,0.023306,0.010584,0.024334,0.019677,0.095798,0.029583,0.012946,0.001837,0.350112
92,0.094721,0.283034,0.562188,0.006956,0.010561,0.015463,0.020988,0.001167,0.004219,0.000702
93,0.930874,0.014633,0.004714,0.000222,0.027414,0.006243,0.004304,0.008818,0.000876,0.001902
94,0.983952,0.003640,0.002046,0.000033,0.002323,0.000550,0.000331,0.006649,0.000331,0.000146
95,0.865204,0.066736,0.002362,0.001022,0.047663,0.003091,0.012285,0.000941,0.000590,0.000105
96,0.656398,0.013076,0.011193,0.095218,0.007975,0.058877,0.062996,0.042224,0.001390,0.050654
97,0.000242,0.000030,0.000079,0.000162,0.995042,0.004160,0.000170,0.000087,0.000010,0.000018
98,0.119391,0.157367,0.047966,0.371794,0.057674,0.160837,0.037496,0.032385,0.003305,0.011784
99,0.136472,0.795644,0.013031,0.002041,0.024916,0.005401,0.020220,0.001108,0.001017,0.000150
100,0.271831,0.012992,0.249440,0.023300,0.122303,0.063194,0.038717,0.056633,0.144566,0.017024
101,0.904999,0.008011,0.000751,0.000448,0.059197,0.001525,0.016483,0.006459,0.000056,0.002069
102,0.024785,0.003163,0.000906,0.771477,0.027980,0.010032,0.110110,0.005534,0.000251,0.045763
103,0.283837,0.021597,0.001678,0.071232,0.497903,0.010382,0.067807,0.009533,0.002454,0.033577
104,0.780762,0.021889,0.001272,0.009406,0.049029,0.023801,0.083260,0.028361,0.000193,0.002027
105,0.061004,0.050776,0.003308,0.649219,0.091881,0.005833,0.089845,0.016497,0.030599,0.001039
106,0.804070,0.150387,0.001940,0.000280,0.005071,0.002035,0.000194,0.028509,0.007435,0.000078
107,0.562932,0.003494,0.001215,0.001725,0.305291,0.006831,0.004901,0.108961,0.001290,0.003361
108,0.994041,0.002239,0.000109,0.000416,0.000329,0.001068,0.001013,0.000494,0.000087,0.000204
109,0.238701,0.320121,0.013796,0.205549,0.083807,0.039738,0.077758,0.001735,0.010843,0.007952
110,0.208746,0.002965,0.007330,0.009901,0.006451,0.001441,0.000312,0.751618,0.000028,0.011208
111,0.199660,0.191967,0.392022,0.078269,0.001909,0.030702,0.005744,0.071985,0.023777,0.003965
112,0.002055,0.987521,0.007265,0.000198,0.000039,0.000504,0.001838,0.000122,0.000394,0.000065
113,0.943473,0.012125,0.001261,0.000176,0.000933,0.002796,0.001172,0.036893,0.000633,0.000537
114,0.817532,0.011182,0.011034,0.002307,0.013214,0.007294,0.028035,0.090599,0.001905,0.016898
115,0.982290,0.007257,0.002047,0.000154,0.001787,0.001144,0.000336,0.004434,0.000540,0.000012
116,0.207474,0.001048,0.001230,0.220177,0.205730,0.025187,0.013481,0.261423,0.009523,0.054727
117,0.905421,0.025288,0.019233,0.001429,0.018111,0.004026,0.017527,0.002606,0.005472,0.000884
118,0.986262,0.005989,0.004786,0.000064,0.000148,0.001026,0.000613,0.000709,0.000082,0.000321
119,0.972677,0.004200,0.000667,0.000374,0.013836,0.000944,0.005763,0.001220,0.000128,0.000190
120,0.595602,0.066651,0.264274,0.000989,0.009576,0.003184,0.002551,0.028324,0.008676,0.020172
121,0.965930,0.005346,0.001004,0.000085,0.000242,0.006344,0.000468,0.020224,0.000016,0.000341
122,0.989235,0.004924,0.000190,0.000149,0.002179,0.000870,0.000500,0.001338,0.000034,0.000581
123,0.142241,0.619638,0.006338,0.124410,0.056536,0.036350,0.002794,0.001851,0.007619,0.002223
124,0.973353,0.007254,0.000737,0.000168,0.007404,0.002399,0.003850,0.003835,0.000471,0.000528
125,0.032740,0.014764,0.897186,0.001393,0.020077,0.009238,0.023299,0.000434,0.000475,0.000395
126,0.157068,0.147473,0.043476,0.029901,0.067845,0.118551,0.029216,0.006055,0.385680,0.014735
127,0.856267,0.051019,0.005920,0.001852,0.019833,0.007885,0.015374,0.023180,0.002019,0.016651
128,0.986805,0.007603,0.001621,0.000455,0.000319,0.001786,0.000512,0.000593,0.000002,0.000303
129,0.007955,0.297836,0.035537,0.334449,0.000731,0.054895,0.002449,0.000466,0.262919,0.002763
130,0.039658,0.956109,0.000119,0.002061,0.001084,0.000397,0.000529,0.000034,0.000002,0.000008
131,0.000868,0.000050,0.000042,0.000203,0.993642,0.003658,0.001363,0.000023,0.000150,0.000001
132,0.842953,0.001450,0.001010,0.000070,0.020529,0.001333,0.001430,0.124098,0.000044,0.007083
133,0.904670,0.011043,0.001632,0.002264,0.010410,0.004109,0.010401,0.040908,0.000086,0.014477
134,0.040377,0.035854,0.003257,0.147661,0.420776,0.070636,0.101597,0.045759,0.104357,0.029725
135,0.958908,0.012114,0.013524,0.005507,0.001142,0.006454,0.001691,0.000129,0.000265,0.000268
136,0.016855,0.006301,0.000278,0.943935,0.004915,0.023849,0.002023,0.001011,0.000043,0.000790
137,0.008386,0.002730,0.005833,0.001513,0.000163,0.978329,0.000684,0.000082,0.002251,0.000029
138,0.006474,0.001040,0.984268,0.000131,0.005181,0.002449,0.000062,0.000021,0.000251,0.000122
139,0.656108,0.016618,0.090679,0.032726,0.026495,0.087895,0.052165,0.022955,0.005654,0.008704
140,0.797750,0.069043,0.002398,0.007829,0.004064,0.021288,0.011244,0.076648,0.000638,0.009099
141,0.798236,0.076145,0.009944,0.006673,0.015850,0.013280,0.004705,0.066985,0.004874,0.003309
142,0.258337,0.017995,0.003559,0.000713,0.007225,0.000489,0.002788,0.695391,0.000091,0.013413
143,0.334407,0.115408,0.010571,0.004989,0.294155,0.021750,0.189400,0.025721,0.001668,0.001932
144,0.992134,0.001243,0.000090,0.000189,0.000639,0.000062,0.000849,0.004749,0.000000,0.000045
145,0.199094,0.013599,0.023222,0.037625,0.091854,0.175551,0.266879,0.004851,0.032326,0.154997
146,0.451175,0.002492,0.001025,0.000109,0.002137,0.000738,0.001217,0.499130,0.041082,0.000895
147,0.250620,0.692813,0.004916,0.014377,0.014628,0.002570,0.012780,0.006415,0.000809,0.000071
148,0.838749,0.023703,0.002124,0.017942,0.042953,0.042542,0.021661,0.007933,0.001497,0.000895
149,0.001262,0.003509,0.003825,0.000085,0.964843,0.001329,0.002286,0.000004,0.022849,0.000010
150,0.684049,0.260264,0.021823,0.002358,0.015801,0.004322,0.005421,0.004692,0.000698,0.000573
151,0.275488,0.691978,0.009653,0.007040,0.003837,0.002449,0.008040,0.000072,0.001025,0.000418
152,0.523101,0.003535,0.006615,0.112574,0.065209,0.061079,0.056015,0.107055,0.061370,0.003447
153,0.024926,0.967159,0.000650,0.003223,0.002113,0.000087,0.001708,0.000068,0.000019,0.000047
154,0.166527,0.243343,0.011234,0.107381,0.342365,0.018200,0.095744,0.008801,0.000369,0.006037
155,0.131740,0.244596,0.044121,0.034188,0.016607,0.500744,0.014982,0.000399,0.000718,0.011907
156,0.913925,0.052856,0.002140,0.013443,0.003643,0.008476,0.001599,0.001828,0.000073,0.002017
157,0.091874,0.019504,0.030757,0.001737,0.164215,0.018523,0.456031,0.182887,0.000487,0.033984
158,0.734461,0.057463,0.010071,0.003763,0.026238,0.017808,0.014494,0.129605,0.001620,0.004477
159,0.594839,0.029743,0.005358,0.025462,0.055424,0.055771,0.044201,0.174812,0.012270,0.002119
160,0.264637,0.019755,0.005991,0.066284,0.375950,0.068598,0.188374,0.000510,0.005577,0.004323
161,0.841951,0.026161,0.009972,0.000839,0.027811,0.009229,0.063398,0.017306,0.001768,0.001564
162,0.292979,0.119870,0.018568,0.075322,0.090690,0.228060,0.152297,0.002494,0.014903,0.004817
163,0.470836,0.017300,0.044551,0.008133,0.137087,0.046696,0.121643,0.123163,0.014643,0.015947
164,0.011426,0.748358,0.003363,0.034901,0.000113,0.197121,0.004474,0.000030,0.000131,0.000081
165,0.157057,0.017297,0.008828,0.365305,0.102782,0.089581,0.063353,0.010906,0.007531,0.177361
166,0.495526,0.087869,0.048372,0.043409,0.030391,0.074539,0.055505,0.099359,0.057433,0.007597
167,0.397369,0.024193,0.006727,0.023254,0.146109,0.032254,0.065369,0.235928,0.029341,0.039455
168,0.940026,0.031177,0.005131,0.000124,0.005052,0.003886,0.005416,0.006566,0.000044,0.002579
169,0.456324,0.057036,0.055566,0.120053,0.009312,0.280367,0.002413,0.003864,0.000085,0.014978
170,0.200720,0.035291,0.001202,0.440038,0.140083,0.097785,0.014858,0.019775,0.002796,0.047452
171,0.042540,0.925863,0.003879,0.014374,0.000313,0.001617,0.011372,0.000012,0.000001,0.000028
172,0.424165,0.015305,0.005953,0.028787,0.172403,0.215401,0.006388,0.102191,0.002859,0.026548
173,0.430260,0.001515,0.000787,0.001117,0.020828,0.008291,0.014349,0.520204,0.001303,0.001346
174,0.616039,0.018459,0.004144,0.129198,0.025334,0.091533,0.000691,0.093822,0.003821,0.016959
175,0.981567,0.007718,0.004859,0.000409,0.003076,0.000358,0.001148,0.000641,0.000057,0.000166
176,0.156919,0.839019,0.000517,0.000279,0.000908,0.000133,0.001671,0.000509,0.000006,0.000037
177,0.678673,0.277833,0.020235,0.001115,0.002205,0.010031,0.001813,0.004299,0.000278,0.003518
178,0.603668,0.087905,0.006306,0.021353,0.191663,0.032411,0.027253,0.005455,0.000799,0.023188
179,0.307818,0.023424,0.025257,0.026942,0.008362,0.354178,0.001880,0.066701,0.000930,0.184509
180,0.821857,0.072671,0.010883,0.018562,0.009334,0.008573,0.032448,0.006864,0.000040,0.018767
181,0.968771,0.004789,0.000470,0.000636,0.000600,0.001495,0.000578,0.016929,0.000019,0.005713
182,0.901439,0.026851,0.001262,0.007954,0.004131,0.007373,0.000605,0.048360,0.000008,0.002016
183,0.003357,0.994964,0.001388,0.000072,0.000090,0.000028,0.000096,0.000001,0.000004,0.000000
184,0.062545,0.206134,0.034018,0.054946,0.002691,0.131088,0.507297,0.000033,0.000613,0.000636
185,0.478724,0.305172,0.008603,0.062636,0.053404,0.044681,0.031586,0.003064,0.011511,0.000620
186,0.953409,0.014293,0.000435,0.000366,0.019797,0.004091,0.002843,0.003339,0.000015,0.001413
187,0.009639,0.001664,0.952493,0.001655,0.004126,0.025630,0.000882,0.001497,0.002214,0.000200
188,0.318024,0.003589,0.075214,0.045741,0.019078,0.373348,0.026543,0.117655,0.010547,0.010261
189,0.785535,0.095396,0.007708,0.018238,0.026074,0.006175,0.033590,0.016089,0.001029,0.010164
190,0.089895,0.027657,0.001491,0.548235,0.113872,0.042277,0.021820,0.006876,0.000310,0.147567
191,0.093751,0.189543,0.067038,0.047817,0.124147,0.017707,0.351552,0.014865,0.006565,0.087015
192,0.118652,0.878090,0.002003,0.000607,0.000321,0.000087,0.000074,0.000099,0.000004,0.000065
193,0.800868,0.055220,0.006564,0.001242,0.071784,0.012019,0.023668,0.018533,0.007557,0.002545
194,0.018266,0.000084,0.016009,0.002131,0.020701,0.043668,0.004950,0.000323,0.890941,0.002927
195,0.748291,0.017940,0.000605,0.064821,0.053997,0.032004,0.052536,0.018581,0.006476,0.004749
196,0.002777,0.001320,0.994764,0.000020,0.000073,0.000767,0.000134,0.000029,0.000041,0.000074
197,0.004429,0.481845,0.512975,0.000048,0.000059,0.000038,0.000133,0.000018,0.000440,0.000015
198,0.961751,0.012935,0.000085,0.000181,0.019389,0.004012,0.001182,0.000382,0.000020,0.000063
199,0.426355,0.544854,0.008086,0.004675,0.000105,0.000465,0.012389,0.001205,0.000054,0.001812
200,0.764850,0.034653,0.002095,0.077716,0.018268,0.028696,0.002713,0.065791,0.000912,0.004306
201,0.152776,0.813853,0.002417,0.003225,0.000513,0.000415,0.023999,0.002293,0.000008,0.000501
202,0.733371,0.044432,0.035595,0.034883,0.073225,0.057768,0.005735,0.002220,0.011746,0.001026
203,0.012754,0.000677,0.000103,0.102413,0.006893,0.022333,0.835755,0.000471,0.000111,0.018491
204,0.938652,0.043701,0.002570,0.000581,0.001246,0.004716,0.001344,0.001629,0.000065,0.005497
205,0.316047,0.053450,0.063619,0.297449,0.021346,0.085378,0.010726,0.002090,0.000498,0.149398
206,0.656374,0.167303,0.008129,0.005952,0.067479,0.046889,0.032355,0.008685,0.002776,0.004057
207,0.215659,0.405812,0.092995,0.012270,0.004326,0.213852,0.003498,0.003159,0.039197,0.009233
208,0.855814,0.079870,0.007686,0.004556,0.010113,0.006895,0.024896,0.008579,0.000197,0.001394
209,0.216377,0.080047,0.039275,0.113327,0.397267,0.015821,0.097193,0.003218,0.021042,0.016433
210,0.018786,0.016331,0.912312,0.001830,0.009844,0.031563,0.005012,0.000941,0.003282,0.000099
211,0.625470,0.112314,0.006457,0.166349,0.004931,0.041730,0.008006,0.032174,0.001116,0.001451
212,0.080793,0.197884,0.036108,0.374665,0.077507,0.159229,0.007828,0.001458,0.058385,0.006143
213,0.165166,0.025039,0.020058,0.239884,0.039262,0.150355,0.023354,0.074312,0.011857,0.250714
214,0.919806,0.031118,0.001670,0.000995,0.028996,0.004925,0.001816,0.008444,0.000582,0.001648
215,0.950115,0.016490,0.016830,0.000048,0.009666,0.000494,0.002205,0.003840,0.000257,0.000054
216,0.891749,0.025143,0.001412,0.010236,0.031653,0.015472,0.010816,0.012736,0.000328,0.000455
217,0.931643,0.000864,0.003161,0.002809,0.019106,0.015982,0.010292,0.009783,0.000944,0.005417
218,0.124542,0.842736,0.006852,0.001282,0.002777,0.001032,0.009361,0.007627,0.001657,0.002135
219,0.574695,0.110337,0.035511,0.065390,0.012137,0.115023,0.009243,0.009464,0.004262,0.063938
220,0.708609,0.250889,0.000635,0.003275,0.006680,0.016589,0.005346,0.007433,0.000326,0.000217
221,0.438582,0.045875,0.061887,0.000957,0.385771,0.031383,0.008113,0.017248,0.010070,0.000113
222,0.929606,0.006527,0.008525,0.008215,0.020869,0.005596,0.001083,0.016861,0.000285,0.002433
223,0.927761,0.065841,0.001531,0.000313,0.000477,0.000602,0.001107,0.001772,0.000033,0.000563
224,0.793630,0.051659,0.005313,0.006384,0.091923,0.022864,0.004086,0.020743,0.002598,0.000800
225,0.101212,0.602352,0.027893,0.264124,0.000712,0.002531,0.000614,0.000011,0.000074,0.000477
226,0.098482,0.441231,0.303053,0.000501,0.030459,0.094527,0.003960,0.010349,0.011214,0.006223
227,0.945614,0.007980,0.002273,0.000412,0.015737,0.013159,0.013302,0.001234,0.000098,0.000192
228,0.066871,0.224949,0.015412,0.405319,0.127232,0.037354,0.001032,0.000499,0.016758,0.104574
229,0.022003,0.062292,0.906607,0.000127,0.000352,0.007101,0.000454,0.000230,0.000203,0.000630
230,0.920068,0.051226,0.006925,0.001398,0.006338,0.000976,0.010456,0.002025,0.000390,0.000199
231,0.473385,0.098178,0.222435,0.028416,0.040086,0.050328,0.058729,0.020456,0.005538,0.002450
232,0.072203,0.005889,0.090100,0.064972,0.024838,0.045948,0.006594,0.574240,0.061599,0.053617
233,0.519736,0.184979,0.007572,0.175039,0.057658,0.012025,0.014284,0.003755,0.000445,0.024506
234,0.948824,0.005014,0.002014,0.000077,0.006540,0.000467,0.016143,0.016485,0.000219,0.004217
235,0.592550,0.004006,0.002263,0.035513,0.027198,0.212736,0.039345,0.078183,0.001683,0.006525
236,0.819254,0.025713,0.000458,0.001231,0.046916,0.004659,0.078630,0.020183,0.000503,0.002452
237,0.158537,0.063492,0.743015,0.001741,0.001997,0.017245,0.003680,0.004239,0.003244,0.002810
238,0.019370,0.004738,0.001752,0.043340,0.897170,0.028746,0.003045,0.001270,0.000489,0.000079
239,0.758428,0.018304,0.010110,0.008817,0.106619,0.016627,0.008835,0.019031,0.000629,0.052600
240,0.752764,0.001821,0.063369,0.000305,0.051145,0.011884,0.034022,0.079540,0.003858,0.001293
241,0.452324,0.026810,0.016415,0.008364,0.009458,0.012434,0.051551,0.397936,0.010859,0.013848
242,0.866173,0.110989,0.002152,0.000368,0.009187,0.001793,0.003890,0.002270,0.000415,0.002764
243,0.605721,0.005721,0.002896,0.001552,0.074289,0.010224,0.125053,0.152001,0.015086,0.007457
244,0.836806,0.101551,0.003057,0.015589,0.019330,0.010827,0.003556,0.003207,0.004111,0.001966
245,0.763490,0.035068,0.086711,0.004471,0.073036,0.013521,0.007069,0.006154,0.001903,0.008577
246,0.826906,0.122032,0.009231,0.012397,0.004879,0.002557,0.012416,0.004137,0.000085,0.005359
247,0.056432,0.373902,0.396755,0.004144,0.001503,0.003622,0.138175,0.000402,0.023139,0.001927
248,0.063684,0.913270,0.005856,0.004392,0.001276,0.006880,0.003194,0.000266,0.000123,0.001058
249,0.860578,0.055046,0.019421,0.007345,0.006138,0.010049,0.028006,0.000531,0.000347,0.012539
250,0.164579,0.816291,0.001188,0.009992,0.002964,0.001392,0.001682,0.001253,0.000097,0.000562
251,0.993852,0.000606,0.000948,0.000002,0.000675,0.000201,0.000026,0.003657,0.000007,0.000025
252,0.570428,0.037825,0.005517,0.147264,0.025568,0.048300,0.066497,0.027527,0.002557,0.068516
253,0.836305,0.053721,0.001821,0.000296,0.097507,0.001321,0.002240,0.006223,0.000173,0.000393
254,0.214883,0.179803,0.571613,0.004261,0.013355,0.008056,0.004133,0.001820,0.001166,0.000910
255,0.950827,0.013704,0.000387,0.000701,0.019248,0.012998,0.000353,0.001094,0.000625,0.000063
256,0.403785,0.578759,0.003407,0.000022,0.000159,0.005249,0.008457,0.000012,0.000000,0.000149
257,0.914378,0.008116,0.001903,0.001285,0.043585,0.008432,0.001406,0.018970,0.000788,0.001137
258,0.698753,0.081809,0.003260,0.171822,0.003609,0.005523,0.003493,0.018219,0.003622,0.009889
259,0.962087,0.006360,0.001110,0.000160,0.014323,0.000843,0.009905,0.004249,0.000097,0.000865
260,0.204068,0.141451,0.000987,0.378572,0.093255,0.048540,0.130102,0.001471,0.000073,0.001481
261,0.077475,0.002671,0.005776,0.008910,0.003418,0.888847,0.003613,0.007372,0.001675,0.000242
262,0.339873,0.578133,0.000241,0.050961,0.017110,0.005568,0.004725,0.002674,0.000216,0.000499
263,0.953833,0.022970,0.012207,0.000338,0.000754,0.003233,0.002932,0.002719,0.000248,0.000765
264,0.403069,0.170141,0.010048,0.019660,0.229060,0.017553,0.077753,0.009440,0.002565,0.060710
265,0.200131,0.051024,0.002464,0.682311,0.012991,0.045119,0.003309,0.000742,0.000121,0.001790
266,0.012714,0.099182,0.002313,0.875671,0.000325,0.007301,0.001965,0.000142,0.000030,0.000356
267,0.929368,0.026508,0.004254,0.000242,0.028084,0.000379,0.007847,0.001797,0.000149,0.001372
268,0.916547,0.002980,0.000011,0.000888,0.000377,0.008666,0.007086,0.062308,0.000301,0.000837
269,0.729180,0.209702,0.006913,0.012684,0.002666,0.001295,0.007183,0.014095,0.000313,0.015971
270,0.157345,0.002124,0.012116,0.034898,0.383504,0.036113,0.023906,0.205430,0.006198,0.138366
271,0.301115,0.534656,0.000426,0.071687,0.003037,0.009096,0.054521,0.000543,0.000040,0.024880
272,0.220815,0.445211,0.014265,0.008592,0.001250,0.000558,0.305984,0.001245,0.000168,0.001910
273,0.126772,0.042409,0.015432,0.123259,0.079487,0.427144,0.161804,0.011802,0.001732,0.010159
274,0.267242,0.054262,0.009334,0.111307,0.104062,0.339054,0.016389,0.007548,0.088671,0.002131
275,0.240167,0.025335,0.002912,0.014950,0.002923,0.000287,0.136523,0.509979,0.000061,0.066862
276,0.612623,0.127764,0.001254,0.031063,0.100237,0.089164,0.027645,0.003714,0.001190,0.005346
277,0.369996,0.004517,0.004678,0.007428,0.388520,0.038106,0.086286,0.097268,0.001579,0.001621
278,0.909587,0.072200,0.001268,0.000000,0.000556,0.000212,0.000054,0.002113,0.013998,0.000012
279,0.399470,0.016185,0.003336,0.276100,0.007852,0.022287,0.001593,0.257083,0.003473,0.012621
280,0.379939,0.019706,0.003640,0.000363,0.063796,0.015301,0.508217,0.005191,0.003772,0.000075
281,0.079491,0.010693,0.023860,0.164299,0.510756,0.175200,0.018284,0.003847,0.003385,0.010184
282,0.992795,0.003888,0.000793,0.000516,0.000587,0.000901,0.000026,0.000127,0.000003,0.000365
283,0.835295,0.002177,0.004910,0.001678,0.000459,0.045562,0.003721,0.092407,0.001705,0.012085
284,0.520321,0.025032,0.004330,0.012317,0.030876,0.109481,0.010909,0.282471,0.000286,0.003977
285,0.854587,0.035411,0.000195,0.001183,0.009012,0.006391,0.000443,0.089505,0.002607,0.000665
286,0.082355,0.816875,0.074110,0.000659,0.000661,0.001220,0.007802,0.000940,0.000235,0.015144
287,0.164867,0.025119,0.171054,0.045079,0.337318,0.054750,0.038573,0.023279,0.082532,0.057429
288,0.536864,0.008775,0.009470,0.002681,0.076883,0.004915,0.018007,0.203835,0.006376,0.132193
289,0.015132,0.000655,0.000045,0.025701,0.001208,0.000175,0.052554,0.872589,0.000093,0.031847
290,0.888147,0.092200,0.001026,0.000848,0.002327,0.000817,0.000920,0.002523,0.000006,0.011185
291,0.985454,0.004680,0.001119,0.000239,0.000233,0.000539,0.000126,0.004415,0.000232,0.002962
292,0.807041,0.008166,0.000566,0.035319,0.047733,0.008626,0.019207,0.065641,0.000340,0.007362
293,0.000548,0.000210,0.135202,0.000464,0.000313,0.013788,0.000795,0.017783,0.013227,0.817670
294,0.921268,0.010547,0.001598,0.001810,0.005807,0.020299,0.010793,0.025483,0.000426,0.001970
295,0.189605,0.002472,0.000576,0.008216,0.481024,0.239448,0.016209,0.060182,0.000511,0.001757
296,0.019679,0.008833,0.000429,0.670621,0.000190,0.240634,0.000225,0.040893,0.000090,0.018405
297,0.935199,0.009005,0.007180,0.001072,0.005519,0.014460,0.001948,0.013984,0.009820,0.001813
298,0.861951,0.083488,0.005618,0.004311,0.017725,0.015381,0.001783,0.008089,0.001265,0.000390
299,0.925760,0.009243,0.000815,0.000116,0.002367,0.000642,0.033517,0.027115,0.000189,0.000235
300,0.798762,0.067400,0.000128,0.000591,0.097357,0.002554,0.022779,0.009927,0.000013,0.000488
301,0.768663,0.026728,0.015687,0.000667,0.028980,0.000880,0.034919,0.030104,0.001495,0.091877
302,0.685709,0.009488,0.002928,0.003248,0.059856,0.002219,0.001301,0.189570,0.000552,0.045127
303,0.301207,0.021675,0.006605,0.005308,0.066574,0.090839,0.018918,0.231124,0.254065,0.003685
304,0.985393,0.002142,0.000815,0.000299,0.004369,0.000713,0.003040,0.002722,0.000166,0.000341
305,0.006004,0.139238,0.345562,0.002577,0.000362,0.494943,0.006030,0.001004,0.003358,0.000923
306,0.862199,0.001244,0.056367,0.000448,0.000262,0.000095,0.003296,0.006027,0.000972,0.069089
307,0.908469,0.001445,0.000142,0.000552,0.002074,0.000162,0.020098,0.064545,0.000007,0.002507
308,0.976515,0.018082,0.000257,0.001310,0.001191,0.000239,0.000449,0.000112,0.000001,0.001845
309,0.521311,0.010433,0.022545,0.021509,0.254444,0.021241,0.124062,0.015756,0.002621,0.006078
310,0.797276,0.109829,0.007371,0.002135,0.013277,0.002193,0.048426,0.009889,0.009367,0.000235
311,0.520905,0.018939,0.005928,0.000548,0.031886,0.003657,0.003063,0.401554,0.000273,0.013247
312,0.001431,0.001975,0.993440,0.000004,0.000016,0.000558,0.000109,0.000145,0.002259,0.000063
313,0.222542,0.723618,0.009783,0.032101,0.001670,0.006646,0.002277,0.000377,0.000033,0.000954
314,0.295570,0.086881,0.238753,0.048016,0.023357,0.018587,0.273475,0.000434,0.003099,0.011829
315,0.060458,0.838906,0.008236,0.002235,0.003879,0.080429,0.004188,0.000113,0.000051,0.001505
316,0.107293,0.024474,0.672910,0.001084,0.013095,0.028911,0.013664,0.028838,0.102955,0.006777
317,0.284914,0.609983,0.080298,0.001035,0.000640,0.010099,0.000959,0.000361,0.010353,0.001358
318,0.928149,0.008506,0.001150,0.002477,0.014717,0.017648,0.002691,0.020347,0.002308,0.002007
319,0.310122,0.633921,0.014451,0.000293,0.011350,0.005170,0.011451,0.005616,0.006401,0.001225
320,0.979934,0.012620,0.000948,0.000723,0.001369,0.001958,0.000939,0.000780,0.000147,0.000582
321,0.890339,0.053869,0.011297,0.001961,0.009327,0.000728,0.018163,0.010593,0.000341,0.003382
322,0.191485,0.474444,0.029420,0.146579,0.057754,0.023568,0.041556,0.001680,0.030747,0.002767
323,0.435128,0.000914,0.002150,0.000410,0.008552,0.013214,0.004176,0.532339,0.000443,0.002674
324,0.695034,0.033106,0.010585,0.000497,0.009861,0.000680,0.033770,0.209762,0.000012,0.006694
325,0.938655,0.003977,0.000298,0.001338,0.000045,0.000381,0.000093,0.002636,0.000045,0.052531
326,0.110790,0.005201,0.002761,0.004935,0.005362,0.033143,0.007031,0.812241,0.010703,0.007832
327,0.028988,0.001698,0.022355,0.000576,0.007041,0.829101,0.000158,0.005921,0.104046,0.000114
328,0.927034,0.007243,0.000865,0.005933,0.043237,0.010138,0.000766,0.003911,0.000421,0.000450
329,0.729280,0.076513,0.001563,0.036934,0.060143,0.005750,0.078253,0.008369,0.000113,0.003083
330,0.889602,0.011511,0.000521,0.001080,0.049419,0.006334,0.012113,0.021850,0.000452,0.007117
331,0.493969,0.004081,0.000804,0.376597,0.008228,0.003211,0.002037,0.097336,0.000616,0.013120
332,0.275990,0.007424,0.626466,0.000076,0.050466,0.001052,0.011195,0.020659,0.000310,0.006362
333,0.778236,0.053158,0.033971,0.003461,0.010592,0.034971,0.017301,0.032991,0.000693,0.034627
334,0.973736,0.006669,0.000303,0.000084,0.000669,0.000099,0.007187,0.010917,0.000023,0.000312
335,0.979592,0.005191,0.002526,0.000785,0.002242,0.004209,0.001154,0.003498,0.000477,0.000328
336,0.666608,0.023144,0.018293,0.020217,0.065100,0.004683,0.047306,0.129080,0.001707,0.023862
337,0.956075,0.003800,0.000715,0.000021,0.007211,0.001487,0.000036,0.023620,0.000000,0.007034
338,0.151176,0.033972,0.050286,0.014539,0.045331,0.041054,0.026998,0.621274,0.004127,0.011244
339,0.014605,0.002099,0.299561,0.000559,0.291216,0.372756,0.007616,0.001845,0.009712,0.000031
340,0.084850,0.024863,0.008280,0.566139,0.007336,0.294183,0.002187,0.000148,0.009895,0.002118
341,0.377822,0.001657,0.001246,0.225717,0.014636,0.050412,0.002949,0.313825,0.000525,0.011211
342,0.109765,0.164716,0.002326,0.468626,0.078241,0.142443,0.026460,0.003835,0.000736,0.002852
343,0.961752,0.000865,0.000354,0.000275,0.022473,0.001349,0.000239,0.007186,0.000012,0.005495
344,0.597821,0.357387,0.010734,0.003963,0.021361,0.004441,0.002424,0.000366,0.000128,0.001377
345,0.846667,0.006233,0.000287,0.000109,0.000846,0.001438,0.001128,0.136430,0.001403,0.005460
346,0.211292,0.761595,0.004449,0.009521,0.001982,0.010195,0.000114,0.000205,0.000546,0.000100
347,0.096029,0.052409,0.468287,0.000289,0.141499,0.222343,0.010419,0.002731,0.005509,0.000485
348,0.011708,0.002048,0.949334,0.001628,0.013395,0.014311,0.000057,0.000149,0.007121,0.000248
349,0.021800,0.003842,0.002087,0.039976,0.707202,0.205636,0.004957,0.002043,0.005834,0.006624
350,0.904932,0.061220,0.022816,0.000114,0.000511,0.008176,0.000795,0.000617,0.000243,0.000575
351,0.966526,0.021069,0.001007,0.003189,0.000681,0.003485,0.002973,0.000415,0.000459,0.000195
352,0.022160,0.009488,0.441125,0.000458,0.052814,0.297205,0.006335,0.004663,0.164384,0.001369
353,0.216917,0.228328,0.102061,0.176987,0.108793,0.027980,0.131877,0.000558,0.006257,0.000244
354,0.439777,0.158881,0.008584,0.011456,0.030521,0.341427,0.001136,0.004730,0.001859,0.001630
355,0.929620,0.041740,0.001781,0.000566,0.009581,0.005209,0.001994,0.005179,0.000551,0.003778
356,0.979935,0.007119,0.002841,0.000253,0.000406,0.000348,0.000460,0.006574,0.000034,0.002029
357,0.284134,0.001837,0.000168,0.002331,0.004454,0.005440,0.015531,0.683042,0.002529,0.000534
358,0.003531,0.001286,0.994287,0.000149,0.000001,0.000693,0.000002,0.000000,0.000015,0.000037
359,0.393620,0.055336,0.079558,0.046061,0.104378,0.031292,0.094733,0.033660,0.000832,0.160529
360,0.963898,0.017885,0.000220,0.000194,0.005992,0.002626,0.001373,0.006498,0.000789,0.000526
361,0.201472,0.000933,0.000182,0.002462,0.000838,0.001273,0.002124,0.750050,0.000135,0.040530
362,0.575388,0.003807,0.000172,0.000569,0.375162,0.000708,0.000993,0.042906,0.000011,0.000283
363,0.836638,0.004381,0.000493,0.000433,0.004355,0.003498,0.001452,0.147107,0.000068,0.001574
364,0.012181,0.467487,0.507727,0.000320,0.002070,0.008826,0.000608,0.000069,0.000610,0.000102
365,0.122880,0.142273,0.009280,0.155280,0.153269,0.140294,0.181377,0.002049,0.092575,0.000722
366,0.033650,0.004140,0.911797,0.001392,0.017124,0.021749,0.003189,0.000306,0.006565,0.000087
367,0.934988,0.012310,0.006673,0.000053,0.027562,0.001032,0.001096,0.012587,0.000449,0.003250
368,0.438606,0.401105,0.045765,0.016975,0.003910,0.068420,0.013471,0.000465,0.002305,0.008978
369,0.034977,0.206481,0.007341,0.714229,0.007692,0.023205,0.004958,0.000522,0.000181,0.000416
370,0.126433,0.031689,0.005669,0.106824,0.002337,0.719418,0.004760,0.000864,0.000807,0.001199
371,0.355157,0.080028,0.092286,0.010360,0.125692,0.068713,0.011202,0.237009,0.003051,0.016504
372,0.184387,0.802154,0.005157,0.000327,0.000249,0.001432,0.002405,0.003063,0.000116,0.000710
373,0.791464,0.026336,0.004827,0.008971,0.062259,0.061669,0.027440,0.013934,0.000533,0.002568
374,0.469373,0.014536,0.003258,0.043377,0.182885,0.057440,0.077130,0.087891,0.005988,0.058120
375,0.887267,0.093057,0.002381,0.005943,0.004736,0.001338,0.001763,0.001694,0.000776,0.001045
376,0.279520,0.062861,0.014305,0.263254,0.179522,0.104275,0.007825,0.021003,0.012128,0.055306
377,0.206171,0.628358,0.053300,0.056273,0.005577,0.025004,0.015805,0.002668,0.000298,0.006546
378,0.894071,0.070994,0.002199,0.001448,0.007365,0.015950,0.007101,0.000636,0.000136,0.000098
379,0.985259,0.008435,0.000408,0.000101,0.000585,0.001800,0.000145,0.002654,0.000173,0.000439
380,0.796688,0.074086,0.005098,0.011714,0.005963,0.002149,0.034296,0.040621,0.000203,0.029181
381,0.410703,0.001464,0.000906,0.004042,0.018862,0.012531,0.001003,0.539533,0.000512,0.010445
382,0.949270,0.022573,0.001857,0.000299,0.001811,0.000871,0.000263,0.015876,0.001385,0.005794
383,0.953999,0.006884,0.007316,0.000148,0.004253,0.002818,0.000505,0.023002,0.000124,0.000951
384,0.971235,0.019379,0.001837,0.000866,0.001592,0.001027,0.002981,0.000594,0.000011,0.000479
385,0.655389,0.011635,0.005378,0.221107,0.037664,0.038567,0.003975,0.014753,0.000798,0.010734
386,0.039641,0.007119,0.617995,0.005690,0.012531,0.255681,0.013968,0.000601,0.046452,0.000322
387,0.009081,0.012049,0.932730,0.001017,0.000144,0.042831,0.000378,0.000262,0.001169,0.000339
388,0.912746,0.077662,0.001606,0.003049,0.001711,0.001388,0.001032,0.000551,0.000067,0.000189
389,0.982562,0.005852,0.003087,0.000763,0.000206,0.001088,0.000062,0.002016,0.000092,0.004272
390,0.047647,0.907079,0.001520,0.022047,0.000098,0.018796,0.000274,0.000496,0.000897,0.001146
391,0.137425,0.022540,0.002422,0.122521,0.530903,0.011722,0.081934,0.015593,0.000139,0.074800
392,0.957906,0.006188,0.009896,0.000093,0.001631,0.004774,0.004789,0.010000,0.000228,0.004494
393,0.081076,0.002521,0.000994,0.044543,0.056299,0.633430,0.089325,0.013159,0.003555,0.075098
394,0.978500,0.018261,0.000805,0.000010,0.000904,0.000282,0.001085,0.000127,0.000022,0.000006
395,0.002220,0.002062,0.001838,0.984587,0.000087,0.000781,0.000226,0.000011,0.000017,0.008171
396,0.056803,0.004233,0.013944,0.002653,0.222142,0.006000,0.624697,0.043468,0.005810,0.020249
397,0.886129,0.038987,0.001284,0.000313,0.027226,0.001125,0.040520,0.000886,0.003022,0.000508
398,0.174597,0.070950,0.028588,0.332952,0.022342,0.220712,0.113983,0.009480,0.014834,0.011561
399,0.166844,0.002705,0.010124,0.001817,0.000609,0.008150,0.001330,0.768017,0.000188,0.040216
400,0.071631,0.000188,0.000019,0.001396,0.000271,0.001909,0.000154,0.923656,0.000023,0.000753
401,0.084570,0.857691,0.002357,0.001459,0.001391,0.049351,0.001049,0.000261,0.001668,0.000203
402,0.850672,0.145279,0.002709,0.000382,0.000191,0.000505,0.000024,0.000059,0.000009,0.000170
403,0.023586,0.001883,0.000073,0.822843,0.006156,0.012866,0.032802,0.006829,0.000012,0.092949
404,0.416414,0.570442,0.000960,0.005777,0.000539,0.002107,0.003242,0.000164,0.000065,0.000290
405,0.183339,0.727313,0.005393,0.006920,0.027794,0.003633,0.037578,0.001895,0.000147,0.005988
406,0.001971,0.995609,0.000959,0.001279,0.000013,0.000129,0.000035,0.000002,0.000000,0.000003
407,0.581792,0.229396,0.007222,0.040657,0.069224,0.043075,0.003361,0.002488,0.000056,0.022731
408,0.695461,0.090044,0.009461,0.054546,0.012188,0.019413,0.046383,0.002848,0.000148,0.069508
409,0.951332,0.032876,0.000885,0.001728,0.003814,0.000577,0.000844,0.006156,0.000117,0.001671
410,0.983466,0.006149,0.000138,0.000124,0.002608,0.000456,0.000070,0.005675,0.000562,0.000751
411,0.786877,0.010677,0.003305,0.004428,0.003575,0.007712,0.000584,0.179716,0.000128,0.002999
412,0.373550,0.044883,0.015355,0.116571,0.163586,0.179256,0.050971,0.014930,0.001192,0.039704
413,0.097966,0.001636,0.003426,0.001026,0.001145,0.014295,0.002814,0.870936,0.005904,0.000851
414,0.832212,0.005734,0.002752,0.007115,0.022608,0.012896,0.038527,0.066727,0.003935,0.007493
415,0.135253,0.848104,0.006168,0.001214,0.002987,0.001781,0.003917,0.000360,0.000035,0.000180
416,0.995584,0.001711,0.000140,0.000076,0.000669,0.000287,0.001139,0.000257,0.000018,0.000118
417,0.000694,0.001663,0.000123,0.015375,0.016546,0.006971,0.003386,0.000024,0.938885,0.016333
418,0.981149,0.003278,0.000585,0.000255,0.003143,0.001113,0.000537,0.006707,0.003013,0.000220
419,0.009069,0.002889,0.001075,0.202927,0.001588,0.775146,0.003539,0.002802,0.000941,0.000023
420,0.512792,0.043612,0.207117,0.002851,0.140875,0.062997,0.017018,0.001973,0.007405,0.003361
421,0.937683,0.022259,0.005513,0.011142,0.000421,0.008798,0.011329,0.001021,0.000156,0.001679
422,0.448765,0.423142,0.006459,0.025071,0.011034,0.024441,0.008523,0.043878,0.001532,0.007153
423,0.378730,0.060366,0.002368,0.000871,0.050995,0.001162,0.419874,0.024083,0.000155,0.061396
424,0.616918,0.063953,0.001917,0.078272,0.064008,0.092982,0.068859,0.004394,0.007575,0.001121
425,0.761139,0.031341,0.003050,0.001393,0.016210,0.004159,0.003452,0.170742,0.002293,0.006222
