Sample_id,Class_1,Class_2,Class_3,Class_4,Class_5,Class_6,Class_7,Class_8,Class_9,Class_10
1,0.142444,0.114627,0.515609,0.003544,0.013184,0.048574,0.132165,0.001270,0.025867,0.002715
2,0.083340,0.018956,0.049331,0.010232,0.020235,0.020800,0.150328,0.009633,0.635828,0.001317
3,0.657004,0.030638,0.001820,0.000903,0.022214,0.013529,0.037910,0.212498,0.000332,0.023152
4,0.981770,0.007543,0.001285,0.000494,0.001187,0.003319,0.002099,0.001815,0.000111,0.000378
5,0.968581,0.003782,0.001568,0.000686,0.000515,0.015332,0.000805,0.007097,0.000391,0.001243
6,0.577813,0.006677,0.001181,0.005713,0.144862,0.088633,0.062446,0.108525,0.000055,0.004095
7,0.204070,0.040840,0.014351,0.038798,0.250374,0.084968,0.046379,0.001738,0.314076,0.004406
8,0.578436,0.004762,0.000589,0.000610,0.043015,0.001609,0.017690,0.310014,0.000667,0.042608
9,0.941139,0.001603,0.001877,0.000600,0.031117,0.002539,0.015270,0.005084,0.000073,0.000699
10,0.369198,0.574986,0.020832,0.001921,0.001109,0.003477,0.002487,0.020508,0.004508,0.000974
11,0.858794,0.031544,0.002867,0.001052,0.045956,0.010830,0.044894,0.003536,0.000029,0.000497
12,0.074186,0.023725,0.142788,0.071581,0.162482,0.003342,0.059751,0.036135,0.000184,0.425826
13,0.901005,0.026305,0.007378,0.000885,0.025059,0.006906,0.016715,0.002621,0.000958,0.012169
14,0.085673,0.007837,0.019472,0.124665,0.023340,0.005231,0.005695,0.384523,0.014108,0.329456
15,0.225866,0.074084,0.002877,0.572548,0.013311,0.043177,0.060414,0.003112,0.000153,0.004457
16,0.361441,0.114729,0.001328,0.075963,0.050706,0.005654,0.064774,0.312235,0.000309,0.012860
17,0.445411,0.158418,0.122042,0.026406,0.062793,0.100109,0.030342,0.010290,0.034571,0.009617
18,0.996526,0.002397,0.000246,0.000014,0.000115,0.000230,0.000029,0.000413,0.000013,0.000016
19,0.114667,0.006190,0.418103,0.002664,0.004144,0.411253,0.017458,0.019223,0.004849,0.001448
20,0.252683,0.697367,0.011278,0.003525,0.003502,0.004664,0.023062,0.000103,0.003333,0.000482
21,0.196724,0.707693,0.088960,0.000297,0.000120,0.001394,0.004557,0.000032,0.000057,0.000166
22,0.687123,0.005921,0.021345,0.001283,0.011866,0.034301,0.050644,0.082166,0.000985,0.104366
23,0.939151,0.023959,0.003336,0.008041,0.011739,0.002327,0.001729,0.007846,0.000018,0.001856
24,0.479218,0.341216,0.000668,0.115282,0.002220,0.023850,0.016959,0.012872,0.000160,0.007556
25,0.753490,0.173564,0.022090,0.000542,0.002049,0.009109,0.007750,0.029885,0.000310,0.001209
26,0.095337,0.130099,0.017743,0.421317,0.185868,0.020365,0.107836,0.004541,0.001958,0.014936
27,0.030809,0.245654,0.669082,0.004132,0.000664,0.037911,0.010823,0.000061,0.000612,0.000252
28,0.265760,0.004996,0.017871,0.018007,0.029824,0.029335,0.010695,0.577445,0.026806,0.019262
29,0.531686,0.005515,0.008027,0.015770,0.055439,0.120721,0.021042,0.177679,0.058979,0.005142
30,0.921077,0.009758,0.005195,0.002659,0.013933,0.012041,0.010207,0.020159,0.004368,0.000603
31,0.106255,0.072151,0.005948,0.654365,0.016164,0.024094,0.034920,0.005643,0.000205,0.080257
32,0.978960,0.007407,0.006354,0.000571,0.000284,0.000944,0.000271,0.000448,0.000041,0.004721
33,0.744851,0.067233,0.003039,0.002389,0.004566,0.006907,0.078490,0.075632,0.000789,0.016104
34,0.280234,0.010198,0.033490,0.037547,0.241550,0.094701,0.035280,0.058100,0.165496,0.043405
35,0.179088,0.141062,0.022798,0.419043,0.029733,0.009408,0.010977,0.009959,0.003172,0.174760
36,0.171400,0.145016,0.050921,0.109222,0.006827,0.502779,0.002091,0.005696,0.000140,0.005908
37,0.950642,0.019976,0.001539,0.004446,0.000520,0.002240,0.001833,0.017977,0.000037,0.000790
38,0.967945,0.002438,0.000786,0.001245,0.012018,0.008154,0.001070,0.004900,0.001045,0.000399
39,0.985334,0.007700,0.000514,0.000183,0.001232,0.000966,0.000090,0.002335,0.000008,0.001638
40,0.218796,0.506290,0.013592,0.117185,0.033058,0.061620,0.029026,0.012653,0.003213,0.004566
41,0.862799,0.015035,0.004724,0.002972,0.022814,0.022437,0.025907,0.033066,0.000704,0.009544
42,0.281848,0.706881,0.000536,0.000664,0.004720,0.000568,0.000928,0.001298,0.002015,0.000543
43,0.114017,0.012686,0.561015,0.000513,0.026630,0.023090,0.109890,0.037372,0.004806,0.109980
44,0.648430,0.071063,0.068293,0.022259,0.026806,0.054209,0.010454,0.076615,0.013978,0.007892
45,0.799309,0.098269,0.019776,0.004095,0.008349,0.006946,0.031682,0.018418,0.003105,0.010051
46,0.028794,0.966708,0.002339,0.000900,0.000474,0.000326,0.000359,0.000054,0.000025,0.000021
47,0.285902,0.677114,0.002654,0.004487,0.010399,0.002254,0.015820,0.000188,0.000787,0.000394
48,0.910683,0.054978,0.001838,0.004108,0.004047,0.012629,0.009438,0.001457,0.000104,0.000717
49,0.327074,0.038904,0.000610,0.262258,0.032984,0.081705,0.002704,0.240593,0.000078,0.013090
50,0.610168,0.128522,0.007040,0.051591,0.019400,0.071901,0.057040,0.031574,0.017377,0.005388
51,0.012955,0.844583,0.141436,0.000317,0.000016,0.000390,0.000295,0.000000,0.000001,0.000007
52,0.164284,0.038339,0.545490,0.003100,0.041274,0.174002,0.010748,0.013228,0.009253,0.000280
53,0.270011,0.189160,0.022472,0.093308,0.028243,0.113087,0.255666,0.011220,0.009402,0.007431
54,0.626933,0.053003,0.000973,0.006277,0.118252,0.007005,0.025577,0.157131,0.000775,0.004075
55,0.002814,0.002310,0.975390,0.000094,0.000739,0.008305,0.000177,0.000067,0.010088,0.000017
56,0.024494,0.020479,0.810587,0.015281,0.018764,0.037738,0.010923,0.000397,0.060742,0.000595
57,0.022919,0.010928,0.002797,0.007811,0.779979,0.049124,0.041011,0.009405,0.040054,0.035974
58,0.964908,0.021358,0.005421,0.000140,0.001610,0.000827,0.000926,0.003518,0.000019,0.001272
59,0.000305,0.000333,0.975211,0.000116,0.006214,0.009620,0.000020,0.000006,0.008169,0.000007
60,0.557603,0.287557,0.020683,0.002901,0.054088,0.012118,0.015047,0.044861,0.000595,0.004547
61,0.724549,0.015901,0.004182,0.086860,0.020682,0.031919,0.074093,0.008246,0.000848,0.032719
62,0.859385,0.015147,0.089755,0.001157,0.004944,0.007786,0.001733,0.007118,0.000088,0.012886
63,0.132638,0.193797,0.001866,0.485929,0.071221,0.060309,0.007228,0.034676,0.001053,0.011283
64,0.983387,0.003358,0.001787,0.002208,0.002193,0.001509,0.001810,0.002486,0.001101,0.000161
65,0.304538,0.020137,0.012226,0.138438,0.182301,0.207063,0.093327,0.016028,0.018642,0.007300
66,0.753536,0.234263,0.001601,0.000684,0.004037,0.000827,0.001208,0.000537,0.000002,0.003304
67,0.859910,0.016753,0.000829,0.002275,0.000733,0.021357,0.000318,0.092538,0.004393,0.000895
68,0.083409,0.622858,0.002541,0.251152,0.012361,0.003554,0.019236,0.001807,0.000035,0.003047
69,0.080460,0.821480,0.014268,0.035404,0.033566,0.007020,0.006755,0.000119,0.000164,0.000763
70,0.800361,0.103787,0.047381,0.010773,0.015285,0.011998,0.002314,0.004216,0.000358,0.003528
71,0.977421,0.000768,0.000113,0.000003,0.001762,0.000607,0.000268,0.017787,0.000032,0.001237
72,0.526944,0.071604,0.012839,0.025060,0.209838,0.065099,0.014637,0.064664,0.000865,0.008451
73,0.535399,0.024770,0.007860,0.032107,0.018152,0.072482,0.002809,0.273344,0.000635,0.032442
74,0.149777,0.028871,0.055458,0.059373,0.129827,0.026571,0.177611,0.017046,0.000548,0.354918
75,0.454098,0.005321,0.003730,0.000107,0.003181,0.001324,0.004629,0.519846,0.006100,0.001663
76,0.017729,0.762954,0.215619,0.000292,0.000034,0.002705,0.000573,0.000002,0.000056,0.000037
77,0.846477,0.111762,0.004326,0.000511,0.003046,0.014589,0.002880,0.015756,0.000037,0.000616
78,0.013449,0.019430,0.834067,0.002847,0.000974,0.076945,0.009550,0.000564,0.030745,0.011430
79,0.032987,0.002024,0.011577,0.010537,0.032299,0.246845,0.024200,0.002904,0.629995,0.006632
80,0.441875,0.113042,0.027386,0.037731,0.027034,0.043843,0.023145,0.034692,0.032718,0.218534
81,0.013972,0.017607,0.537030,0.006519,0.002275,0.113258,0.004677,0.000748,0.213056,0.090857
82,0.837852,0.021471,0.000479,0.001405,0.009084,0.001169,0.059468,0.064398,0.003094,0.001579
83,0.771175,0.016384,0.000467,0.000544,0.007018,0.003389,0.074177,0.108897,0.013101,0.004850
84,0.387918,0.572510,0.007516,0.019995,0.002797,0.006023,0.002091,0.000323,0.000012,0.000815
85,0.001544,0.001222,0.271618,0.000991,0.000089,0.012331,0.000329,0.000020,0.711829,0.000027
86,0.876229,0.009950,0.007505,0.002308,0.009147,0.005870,0.017471,0.049392,0.000098,0.022031
87,0.051130,0.196380,0.007407,0.667475,0.006057,0.004673,0.030935,0.000015,0.000031,0.035898
88,0.040421,0.058179,0.590435,0.005169,0.008109,0.281634,0.006515,0.000354,0.002578,0.006607
89,0.066306,0.003117,0.013725,0.352500,0.007287,0.019866,0.001443,0.514652,0.000589,0.020515
90,0.724563,0.016703,0.007517,0.028544,0.017569,0.040598,0.057657,0.081460,0.003026,0.022361
91,0.389854,0.038892,0.080495,0.034219,0.025175,0.121775,0.032670,0.009091,0.002141,0.265689
92,0.095640,0.184002,0.665719,0.006728,0.011450,0.022659,0.009685,0.000743,0.002417,0.000956
93,0.942904,0.014133,0.005087,0.000111,0.015635,0.005683,0.004744,0.009225,0.000543,0.001935
94,0.973405,0.007002,0.002978,0.000060,0.010273,0.000897,0.001480,0.003219,0.000207,0.000477
95,0.711621,0.101144,0.004958,0.003014,0.128471,0.009869,0.035826,0.003545,0.001378,0.000175
96,0.797499,0.032092,0.001020,0.075995,0.005772,0.015571,0.052692,0.015204,0.000420,0.003733
97,0.000746,0.000164,0.000650,0.001317,0.970609,0.024334,0.001446,0.000345,0.000252,0.000137
98,0.173766,0.295034,0.019925,0.361666,0.014234,0.059764,0.011057,0.054872,0.001240,0.008443
99,0.130736,0.814738,0.009896,0.001803,0.016129,0.003533,0.021095,0.000776,0.001008,0.000286
100,0.174783,0.007713,0.103238,0.015828,0.331946,0.046541,0.041404,0.030957,0.220429,0.027162
101,0.928811,0.005464,0.002138,0.000318,0.042990,0.001457,0.010145,0.006996,0.000122,0.001559
102,0.047351,0.012219,0.002917,0.644862,0.044998,0.014539,0.099852,0.016582,0.000911,0.115770
103,0.343371,0.082018,0.010702,0.069260,0.328293,0.028498,0.076484,0.024116,0.013082,0.024176
104,0.741121,0.045246,0.000959,0.004736,0.061333,0.017721,0.081783,0.045656,0.000239,0.001206
105,0.066318,0.145831,0.002847,0.671641,0.027145,0.015027,0.028352,0.029908,0.012722,0.000208
106,0.739652,0.118246,0.000527,0.000103,0.003552,0.001042,0.000342,0.135274,0.001076,0.000186
107,0.455176,0.005613,0.003954,0.001004,0.289003,0.008215,0.008134,0.215703,0.003264,0.009935
108,0.995102,0.001877,0.000195,0.000134,0.000282,0.000959,0.000760,0.000556,0.000019,0.000116
109,0.122867,0.166891,0.005463,0.542638,0.029857,0.039017,0.074130,0.005296,0.004999,0.008843
110,0.202559,0.015517,0.002272,0.018230,0.006295,0.002172,0.000494,0.749042,0.000030,0.003389
111,0.422935,0.177569,0.133364,0.096537,0.004939,0.032905,0.006052,0.080035,0.042585,0.003079
112,0.007410,0.985608,0.001898,0.000322,0.000039,0.000508,0.003573,0.000247,0.000038,0.000357
113,0.920101,0.022628,0.001517,0.000091,0.001866,0.001808,0.005305,0.043569,0.002291,0.000823
114,0.772864,0.032945,0.012386,0.001130,0.025158,0.006627,0.027365,0.107287,0.001804,0.012433
115,0.982961,0.006572,0.000671,0.000163,0.002551,0.000562,0.000775,0.005470,0.000193,0.000081
116,0.301548,0.004322,0.001624,0.294572,0.111322,0.022992,0.016162,0.163159,0.026968,0.057332
117,0.876836,0.036764,0.023994,0.004042,0.012861,0.008280,0.031114,0.001349,0.003272,0.001489
118,0.968605,0.007419,0.018531,0.000107,0.000081,0.001469,0.001455,0.000937,0.000111,0.001283
119,0.973061,0.003999,0.002455,0.000453,0.008146,0.001313,0.006480,0.003404,0.000060,0.000629
120,0.722710,0.064227,0.126549,0.001562,0.014496,0.004329,0.003515,0.043444,0.003605,0.015563
121,0.975337,0.008520,0.001399,0.000111,0.000211,0.007592,0.000556,0.005538,0.000014,0.000722
122,0.984926,0.008449,0.000458,0.000156,0.002133,0.001923,0.000414,0.001003,0.000048,0.000490
123,0.202678,0.454651,0.021846,0.201971,0.031751,0.071198,0.004165,0.002631,0.004317,0.004791
124,0.970582,0.006556,0.000631,0.000265,0.009513,0.002434,0.004965,0.003043,0.000284,0.001726
125,0.061810,0.010836,0.875453,0.001401,0.027556,0.008506,0.012149,0.000374,0.000469,0.001445
126,0.236461,0.246097,0.057087,0.027904,0.103625,0.083938,0.058674,0.004920,0.167328,0.013968
127,0.887648,0.047339,0.006037,0.001058,0.009010,0.006586,0.012704,0.010895,0.001097,0.017625
128,0.959473,0.027380,0.005026,0.001861,0.000266,0.003637,0.001019,0.000813,0.000006,0.000520
129,0.003147,0.083272,0.017136,0.838299,0.000419,0.013961,0.002683,0.000106,0.038404,0.002572
130,0.055972,0.938594,0.000346,0.003586,0.000581,0.000197,0.000518,0.000023,0.000001,0.000183
131,0.016471,0.000532,0.000285,0.002027,0.955661,0.018070,0.006387,0.000137,0.000423,0.000006
132,0.854677,0.001593,0.000780,0.000049,0.013719,0.001003,0.002517,0.112952,0.000034,0.012676
133,0.892450,0.020375,0.002009,0.001697,0.023214,0.005635,0.017879,0.025492,0.000182,0.011065
134,0.045559,0.017853,0.013480,0.175443,0.252978,0.175462,0.101653,0.042204,0.096030,0.079339
135,0.846895,0.020712,0.069922,0.009655,0.018980,0.018985,0.010153,0.000640,0.001141,0.002916
136,0.035991,0.009418,0.000865,0.871292,0.020217,0.048826,0.004721,0.006679,0.000466,0.001526
137,0.025697,0.009100,0.026379,0.003337,0.000464,0.923522,0.001934,0.000174,0.009312,0.000081
138,0.006038,0.001066,0.980531,0.000650,0.006637,0.004608,0.000221,0.000006,0.000163,0.000079
139,0.434422,0.035966,0.146584,0.112870,0.046208,0.145681,0.056964,0.009933,0.005706,0.005666
140,0.775340,0.118183,0.001724,0.005516,0.003772,0.008331,0.003393,0.077413,0.000472,0.005857
141,0.766904,0.043115,0.004962,0.005745,0.009241,0.012042,0.005179,0.134723,0.015194,0.002894
142,0.336926,0.038166,0.006294,0.004587,0.007060,0.002250,0.008806,0.555676,0.000181,0.040055
143,0.415359,0.159363,0.008411,0.006749,0.154541,0.028716,0.181778,0.043479,0.000669,0.000934
144,0.988241,0.003501,0.000340,0.000081,0.000351,0.000104,0.000459,0.006661,0.000001,0.000261
145,0.220460,0.016711,0.056628,0.043601,0.064692,0.229972,0.204469,0.019269,0.047527,0.096672
146,0.508475,0.006790,0.000386,0.000125,0.007664,0.001078,0.006673,0.432219,0.035455,0.001135
147,0.191173,0.741115,0.000251,0.016872,0.005474,0.000219,0.020595,0.023740,0.000050,0.000510
148,0.815952,0.041259,0.002450,0.027508,0.044557,0.037637,0.013878,0.012697,0.002081,0.001981
149,0.013856,0.014219,0.012844,0.000163,0.917479,0.006180,0.005938,0.000018,0.029217,0.000086
150,0.764882,0.162525,0.051115,0.001890,0.007554,0.006147,0.003194,0.002217,0.000196,0.000280
151,0.360698,0.545144,0.022910,0.034196,0.002439,0.006264,0.025195,0.000658,0.001821,0.000674
152,0.521642,0.006071,0.012659,0.076997,0.110315,0.095140,0.047371,0.081788,0.041545,0.006473
153,0.045104,0.942625,0.001031,0.005270,0.001804,0.000138,0.003512,0.000292,0.000061,0.000163
154,0.086425,0.183170,0.011818,0.225543,0.309251,0.029142,0.149289,0.002127,0.000328,0.002908
155,0.213668,0.212332,0.059736,0.064314,0.026164,0.328566,0.009962,0.001377,0.002715,0.081166
156,0.819681,0.137718,0.005422,0.009631,0.004057,0.010823,0.004730,0.004314,0.000232,0.003393
157,0.137890,0.011092,0.039647,0.000548,0.075056,0.016256,0.256499,0.378358,0.000534,0.084119
158,0.434945,0.024014,0.004192,0.005355,0.070445,0.018839,0.076576,0.359285,0.003642,0.002706
159,0.646510,0.041372,0.003772,0.021075,0.047779,0.033739,0.057257,0.136296,0.007032,0.005168
160,0.303935,0.036813,0.003397,0.013255,0.441466,0.027599,0.147295,0.000633,0.022915,0.002693
161,0.842644,0.025628,0.007560,0.000664,0.038565,0.007700,0.049103,0.021495,0.003615,0.003026
162,0.367773,0.140044,0.047918,0.136631,0.027973,0.153774,0.106396,0.001903,0.008202,0.009385
163,0.501638,0.030203,0.019992,0.016138,0.121145,0.078354,0.078557,0.140122,0.004265,0.009585
164,0.063166,0.819081,0.003155,0.017268,0.000061,0.096484,0.000702,0.000024,0.000031,0.000029
165,0.135209,0.015166,0.014905,0.264000,0.232521,0.062848,0.111914,0.030544,0.006935,0.125959
166,0.568060,0.087276,0.041900,0.022168,0.023452,0.052839,0.037950,0.113261,0.035114,0.017980
167,0.372519,0.016661,0.007350,0.030067,0.142663,0.055497,0.049055,0.280593,0.024568,0.021028
168,0.899087,0.029660,0.030780,0.000132,0.009386,0.010125,0.014699,0.003779,0.000230,0.002121
169,0.548970,0.062633,0.041711,0.106971,0.023549,0.195589,0.003749,0.004138,0.000120,0.012571
170,0.271682,0.035059,0.003504,0.317117,0.185785,0.104495,0.011513,0.027533,0.002235,0.041077
171,0.091190,0.818243,0.016484,0.043494,0.000535,0.007922,0.022039,0.000037,0.000012,0.000044
172,0.248437,0.021953,0.008599,0.036474,0.336454,0.146027,0.019568,0.146755,0.001986,0.033747
173,0.450048,0.002123,0.001396,0.002059,0.043589,0.013926,0.018896,0.462059,0.002260,0.003644
174,0.501886,0.032663,0.007088,0.088436,0.065486,0.095780,0.001879,0.165198,0.006845,0.034739
175,0.977900,0.004165,0.008978,0.000815,0.001465,0.000417,0.005136,0.000469,0.000021,0.000634
176,0.226156,0.767336,0.000364,0.001842,0.000569,0.000142,0.002471,0.000954,0.000007,0.000158
177,0.726750,0.213638,0.036281,0.000445,0.004531,0.010765,0.002575,0.003366,0.000146,0.001503
178,0.480464,0.113287,0.003210,0.038731,0.226159,0.032274,0.060676,0.009866,0.000613,0.034720
179,0.096685,0.007485,0.026556,0.005663,0.023887,0.336708,0.004046,0.161663,0.000858,0.336450
180,0.733393,0.114011,0.008383,0.007763,0.018580,0.006156,0.082570,0.009619,0.000056,0.019469
181,0.923570,0.005682,0.000509,0.002451,0.002803,0.004480,0.001570,0.047989,0.000038,0.010909
182,0.887679,0.033266,0.002692,0.017604,0.009848,0.011773,0.001328,0.033800,0.000006,0.002003
183,0.007880,0.987021,0.001851,0.001975,0.000201,0.000098,0.000963,0.000003,0.000007,0.000001
184,0.230170,0.379417,0.011951,0.059617,0.001144,0.174736,0.142122,0.000061,0.000188,0.000595
185,0.506516,0.235872,0.011508,0.093159,0.059035,0.052339,0.028480,0.002001,0.010513,0.000578
186,0.956770,0.028715,0.000320,0.000114,0.011709,0.001135,0.000677,0.000321,0.000004,0.000234
187,0.011698,0.002199,0.954951,0.001528,0.004230,0.021328,0.000582,0.000641,0.002707,0.000138
188,0.685753,0.003710,0.060614,0.007385,0.033928,0.103659,0.012896,0.071939,0.005339,0.014775
189,0.656469,0.135187,0.017070,0.057964,0.033949,0.008294,0.075804,0.006839,0.000978,0.007445
190,0.110994,0.025025,0.002953,0.467659,0.139469,0.050454,0.044399,0.039490,0.000850,0.118707
191,0.146397,0.324684,0.112061,0.036686,0.100680,0.025136,0.210825,0.017172,0.005221,0.021138
192,0.070518,0.925003,0.003399,0.000692,0.000149,0.000124,0.000082,0.000019,0.000006,0.000008
193,0.795533,0.055644,0.006045,0.000896,0.064598,0.016342,0.027258,0.022429,0.004113,0.007143
194,0.023190,0.000142,0.024251,0.002752,0.044578,0.045185,0.009857,0.000420,0.847018,0.002607
195,0.731022,0.012427,0.000237,0.020493,0.079180,0.012381,0.110130,0.021736,0.004993,0.007402
196,0.013227,0.007711,0.974774,0.000095,0.000353,0.003026,0.000271,0.000172,0.000139,0.000233
197,0.013042,0.420288,0.564156,0.000245,0.000165,0.000199,0.000880,0.000018,0.000990,0.000017
198,0.961941,0.030599,0.000073,0.000254,0.003005,0.002814,0.000734,0.000498,0.000020,0.000062
199,0.519584,0.432853,0.002127,0.010900,0.000086,0.000869,0.026491,0.005298,0.000023,0.001768
200,0.528550,0.037003,0.002591,0.136176,0.082462,0.028327,0.013103,0.158490,0.002030,0.011268
201,0.070122,0.871432,0.002780,0.022892,0.000106,0.000551,0.031483,0.000464,0.000064,0.000106
202,0.577296,0.029645,0.038698,0.047344,0.208858,0.055247,0.019460,0.002710,0.018260,0.002481
203,0.014815,0.001169,0.000563,0.059122,0.005936,0.017441,0.455800,0.001308,0.001972,0.441875
204,0.937499,0.038430,0.005673,0.000294,0.001174,0.003736,0.001139,0.004350,0.000051,0.007654
205,0.513167,0.113283,0.029498,0.199532,0.016302,0.066164,0.010639,0.002615,0.000600,0.048200
206,0.625231,0.103047,0.013413,0.004523,0.052077,0.090952,0.033482,0.060912,0.003061,0.013302
207,0.157741,0.522309,0.094515,0.005314,0.017312,0.147730,0.005551,0.000711,0.043662,0.005154
208,0.809978,0.091899,0.008339,0.010937,0.017857,0.014051,0.032386,0.009230,0.000107,0.005216
209,0.153056,0.090345,0.035888,0.166272,0.326912,0.017635,0.135971,0.015520,0.042910,0.015492
210,0.044251,0.018722,0.854998,0.002441,0.007005,0.056951,0.003223,0.003217,0.008827,0.000365
211,0.656120,0.127644,0.004476,0.140018,0.002479,0.037263,0.007960,0.021884,0.000771,0.001384
212,0.043118,0.097161,0.071851,0.416996,0.126085,0.143453,0.010138,0.002468,0.079642,0.009087
213,0.209371,0.028564,0.018326,0.162897,0.013430,0.090934,0.006338,0.038425,0.001373,0.430341
214,0.903594,0.048888,0.003878,0.001732,0.021079,0.004909,0.005034,0.007355,0.000428,0.003104
215,0.970793,0.008572,0.008722,0.000036,0.002007,0.000379,0.000874,0.008326,0.000063,0.000228
216,0.857909,0.034240,0.006663,0.026460,0.016699,0.034064,0.011477,0.010604,0.000954,0.000931
217,0.779114,0.002169,0.008173,0.016903,0.063799,0.034481,0.058207,0.023213,0.001464,0.012477
218,0.173619,0.783658,0.004190,0.001544,0.004941,0.001422,0.017207,0.011388,0.000812,0.001219
219,0.489019,0.086062,0.052858,0.141036,0.018055,0.134609,0.012475,0.010966,0.004132,0.050786
220,0.690193,0.267283,0.000426,0.006003,0.005760,0.020822,0.004442,0.004455,0.000087,0.000529
221,0.402193,0.078399,0.019774,0.007490,0.372085,0.066603,0.023278,0.017220,0.012560,0.000398
222,0.875743,0.006505,0.006650,0.026741,0.058287,0.005677,0.002840,0.013334,0.000258,0.003965
223,0.897608,0.096444,0.001924,0.000204,0.000822,0.000923,0.001004,0.000554,0.000023,0.000494
224,0.751960,0.041959,0.003606,0.008588,0.133683,0.019492,0.012060,0.024028,0.002599,0.002024
225,0.209884,0.547638,0.007784,0.229883,0.000822,0.001752,0.000506,0.000010,0.000030,0.001691
226,0.113266,0.663831,0.152414,0.000172,0.006520,0.047430,0.002796,0.003684,0.005051,0.004835
227,0.976672,0.006056,0.004226,0.000203,0.002796,0.007933,0.001388,0.000377,0.000020,0.000328
228,0.054202,0.060576,0.059810,0.436424,0.095272,0.059071,0.002989,0.005633,0.024807,0.201215
229,0.040141,0.104855,0.839307,0.000621,0.001414,0.009941,0.001692,0.000256,0.000482,0.001292
230,0.920036,0.040878,0.011535,0.000683,0.008058,0.001236,0.014408,0.002570,0.000108,0.000487
231,0.526158,0.139708,0.165615,0.021089,0.022678,0.068146,0.027814,0.019271,0.007464,0.002058
232,0.132278,0.007294,0.200797,0.144806,0.031474,0.077608,0.012496,0.332868,0.013840,0.046540
233,0.369666,0.155911,0.004629,0.180427,0.224106,0.009473,0.033900,0.005257,0.000568,0.016063
234,0.931877,0.010302,0.004823,0.000213,0.013728,0.000842,0.026937,0.006488,0.000145,0.004643
235,0.407626,0.002188,0.006724,0.039756,0.037511,0.294243,0.037862,0.116112,0.006852,0.051126
236,0.948955,0.014785,0.001444,0.000303,0.005770,0.002399,0.017096,0.007129,0.000232,0.001887
237,0.317805,0.044605,0.536112,0.005674,0.008240,0.054736,0.010963,0.013257,0.001069,0.007538
238,0.032717,0.005804,0.005975,0.114490,0.757299,0.073983,0.006905,0.001179,0.001400,0.000248
239,0.673517,0.013644,0.006644,0.010761,0.178425,0.027746,0.008934,0.054927,0.001171,0.024230
240,0.782979,0.002790,0.034932,0.000390,0.028000,0.015236,0.078332,0.053003,0.002990,0.001348
241,0.490908,0.021579,0.011547,0.007198,0.012285,0.008991,0.067316,0.341870,0.021934,0.016371
242,0.856532,0.096078,0.002594,0.000480,0.004330,0.002848,0.003554,0.001564,0.000174,0.031846
243,0.595065,0.009936,0.003017,0.001050,0.023799,0.008234,0.196218,0.102232,0.038817,0.021631
244,0.773387,0.164251,0.005894,0.017772,0.009462,0.012665,0.008288,0.004405,0.002671,0.001206
245,0.662056,0.032184,0.166575,0.003996,0.080734,0.009624,0.009789,0.011139,0.003291,0.020613
246,0.699504,0.218032,0.014491,0.035757,0.006188,0.004803,0.004859,0.001473,0.000067,0.014826
247,0.089762,0.447994,0.330477,0.005427,0.001399,0.003492,0.064878,0.000847,0.049142,0.006582
248,0.063986,0.885976,0.006629,0.008206,0.004610,0.015286,0.014218,0.000324,0.000042,0.000723
249,0.755646,0.095999,0.044518,0.010760,0.008134,0.010066,0.064753,0.004287,0.000711,0.005127
250,0.249385,0.724833,0.003937,0.004849,0.002807,0.002651,0.007561,0.003149,0.000073,0.000755
251,0.998759,0.000271,0.000063,0.000000,0.000124,0.000011,0.000003,0.000745,0.000001,0.000023
252,0.658362,0.061354,0.018376,0.085095,0.029311,0.042009,0.041815,0.018124,0.001412,0.044141
253,0.826625,0.106170,0.000990,0.000464,0.056986,0.000775,0.002339,0.004706,0.000016,0.000930
254,0.211429,0.091419,0.650286,0.010842,0.013156,0.009976,0.009829,0.001614,0.000456,0.000994
255,0.963678,0.007768,0.000524,0.001129,0.017345,0.007864,0.000658,0.000662,0.000267,0.000105
256,0.039534,0.950809,0.000788,0.000030,0.000003,0.001242,0.005053,0.000006,0.000000,0.002535
257,0.769512,0.026910,0.005980,0.006001,0.076456,0.025288,0.012728,0.068292,0.004157,0.004676
258,0.513196,0.091516,0.006479,0.318767,0.012346,0.012628,0.008690,0.018878,0.002529,0.014971
259,0.933391,0.010085,0.002265,0.000737,0.012142,0.002290,0.026119,0.008497,0.000469,0.004003
260,0.355978,0.150399,0.004099,0.358048,0.043539,0.047989,0.032314,0.001895,0.000309,0.005430
261,0.096190,0.002674,0.002873,0.015228,0.022373,0.839673,0.006377,0.012298,0.001914,0.000401
262,0.561922,0.378166,0.000245,0.030229,0.009627,0.008544,0.009313,0.001102,0.000224,0.000629
263,0.939259,0.038599,0.011788,0.000138,0.000974,0.001468,0.004942,0.001774,0.000301,0.000756
264,0.502027,0.231895,0.022984,0.030438,0.079888,0.019288,0.073283,0.004064,0.001790,0.034344
265,0.496891,0.144869,0.003623,0.268812,0.030931,0.038067,0.009316,0.003881,0.000169,0.003441
266,0.056276,0.240261,0.011247,0.665152,0.002555,0.011846,0.009888,0.001131,0.000172,0.001471
267,0.934479,0.015878,0.008403,0.000667,0.030118,0.000251,0.007991,0.000334,0.000078,0.001801
268,0.861193,0.006781,0.000052,0.000443,0.000207,0.016297,0.008659,0.104200,0.001742,0.000426
269,0.612452,0.360305,0.001250,0.008019,0.004468,0.000631,0.007129,0.002886,0.000066,0.002793
270,0.092958,0.001421,0.004068,0.027064,0.120465,0.013690,0.034745,0.557189,0.002199,0.146200
271,0.314462,0.511602,0.000450,0.029253,0.001257,0.002374,0.049009,0.000487,0.000031,0.091075
272,0.122268,0.295154,0.135048,0.002424,0.001369,0.000988,0.438507,0.000649,0.000722,0.002870
273,0.170992,0.059231,0.033706,0.083747,0.104904,0.368806,0.106367,0.027755,0.001430,0.043062
274,0.163948,0.044176,0.020093,0.093629,0.080468,0.388813,0.026385,0.011951,0.169026,0.001511
275,0.081517,0.037698,0.000929,0.008175,0.013506,0.000360,0.537855,0.258055,0.000141,0.061764
276,0.561597,0.175155,0.002158,0.030703,0.112820,0.088119,0.024260,0.003162,0.000767,0.001259
277,0.392261,0.003595,0.001926,0.010426,0.437884,0.047724,0.024670,0.077141,0.001129,0.003245
278,0.908699,0.061319,0.001234,0.000173,0.000865,0.000353,0.000318,0.026247,0.000248,0.000545
279,0.417803,0.022602,0.004158,0.292139,0.012412,0.035496,0.003100,0.201544,0.004601,0.006145
280,0.605915,0.025249,0.002159,0.000638,0.058423,0.019314,0.267764,0.006513,0.013732,0.000293
281,0.061126,0.007565,0.085523,0.176389,0.435980,0.179865,0.020145,0.008307,0.008354,0.016747
282,0.986525,0.008084,0.001765,0.000502,0.001762,0.000907,0.000158,0.000091,0.000003,0.000204
283,0.813795,0.003477,0.001912,0.002167,0.000937,0.033402,0.004794,0.129757,0.000293,0.009466
284,0.479527,0.056562,0.003346,0.015113,0.085697,0.073893,0.022501,0.261075,0.000308,0.001976
285,0.686598,0.030041,0.000612,0.000937,0.006913,0.009170,0.003578,0.255783,0.002225,0.004144
286,0.070045,0.747493,0.131456,0.002645,0.001015,0.002813,0.019871,0.001815,0.000395,0.022453
287,0.206017,0.027737,0.130809,0.134337,0.255650,0.062302,0.055362,0.023916,0.059460,0.044411
288,0.741214,0.033107,0.009819,0.003619,0.092297,0.007506,0.012141,0.049801,0.004899,0.045598
289,0.102565,0.011510,0.000037,0.065904,0.001786,0.000190,0.033859,0.766420,0.000096,0.017634
290,0.792683,0.141034,0.001333,0.001433,0.005198,0.002104,0.004080,0.039093,0.000006,0.013038
291,0.983931,0.004948,0.001634,0.000303,0.000319,0.001242,0.000098,0.004663,0.000076,0.002785
292,0.716696,0.013140,0.001460,0.023686,0.041410,0.011744,0.015906,0.164601,0.001041,0.010316
293,0.001842,0.000130,0.155867,0.000250,0.000183,0.021480,0.001474,0.040112,0.011726,0.766935
294,0.900273,0.012616,0.003343,0.002899,0.006594,0.020236,0.020413,0.029661,0.000744,0.003222
295,0.214316,0.003115,0.000336,0.021216,0.368905,0.328068,0.018513,0.038393,0.000255,0.006885
296,0.221174,0.098200,0.016326,0.121565,0.002476,0.288257,0.001630,0.194330,0.002671,0.053371
297,0.947284,0.006511,0.008792,0.001983,0.002922,0.014516,0.003803,0.006895,0.002573,0.004720
298,0.751711,0.099734,0.001935,0.049278,0.052778,0.023996,0.008212,0.010975,0.000329,0.001053
299,0.863187,0.025543,0.002627,0.000247,0.001340,0.002447,0.038203,0.063845,0.001153,0.001408
300,0.921947,0.030500,0.000045,0.000130,0.028355,0.000319,0.001285,0.017007,0.000006,0.000406
301,0.782580,0.023883,0.015494,0.000433,0.036791,0.001978,0.026040,0.037926,0.001792,0.073082
302,0.688708,0.024405,0.005422,0.004200,0.101735,0.003715,0.001720,0.157606,0.000367,0.012122
303,0.230850,0.005660,0.001195,0.004309,0.028012,0.041307,0.009693,0.551007,0.114302,0.013665
304,0.988743,0.003221,0.000218,0.000460,0.003505,0.000196,0.003307,0.000281,0.000026,0.000043
305,0.008936,0.025259,0.722500,0.000305,0.000126,0.232226,0.006951,0.000205,0.002820,0.000672
306,0.939885,0.008085,0.038448,0.000291,0.000010,0.000246,0.000368,0.011714,0.000242,0.000711
307,0.937605,0.004567,0.000057,0.000877,0.001466,0.000176,0.018118,0.036665,0.000002,0.000467
308,0.979108,0.017033,0.000860,0.000307,0.000973,0.000178,0.000314,0.000052,0.000001,0.001174
309,0.350739,0.019327,0.021681,0.019816,0.360699,0.024851,0.188408,0.007801,0.002107,0.004571
310,0.917494,0.054755,0.001749,0.000174,0.002919,0.000469,0.008253,0.013117,0.000629,0.000441
311,0.488880,0.023205,0.005353,0.001688,0.049091,0.009189,0.005388,0.389613,0.000073,0.027521
312,0.005021,0.003584,0.987844,0.000009,0.000028,0.000782,0.000381,0.000594,0.001204,0.000553
313,0.292317,0.659590,0.008727,0.027017,0.001743,0.005825,0.002685,0.000728,0.000044,0.001324
314,0.238517,0.139107,0.390875,0.062936,0.016486,0.015273,0.116802,0.000335,0.008605,0.011062
315,0.057861,0.864234,0.032789,0.000186,0.000561,0.040228,0.003538,0.000043,0.000077,0.000484
316,0.160422,0.044919,0.637943,0.001293,0.011618,0.035064,0.034460,0.023954,0.041013,0.009313
317,0.207129,0.612555,0.156613,0.000478,0.000522,0.005634,0.002497,0.000715,0.010132,0.003725
318,0.886375,0.011776,0.003661,0.002107,0.032942,0.025567,0.012007,0.019872,0.003343,0.002350
319,0.325376,0.628450,0.005263,0.000237,0.009798,0.003664,0.010962,0.013065,0.001730,0.001455
320,0.976456,0.014434,0.001855,0.000475,0.002941,0.000931,0.001272,0.000421,0.000134,0.001080
321,0.848048,0.110872,0.010875,0.002730,0.006425,0.001161,0.010236,0.005864,0.000097,0.003691
322,0.261290,0.449713,0.030430,0.119960,0.055033,0.013602,0.046038,0.002923,0.017501,0.003510
323,0.393232,0.002300,0.003018,0.001068,0.020235,0.024047,0.009667,0.543373,0.000493,0.002567
324,0.823137,0.099573,0.006877,0.000549,0.007665,0.000927,0.033800,0.025160,0.000010,0.002303
325,0.964458,0.006447,0.000791,0.001023,0.000085,0.001193,0.000079,0.005729,0.000023,0.020173
326,0.169027,0.024907,0.002695,0.016474,0.008809,0.040028,0.025513,0.697340,0.002739,0.012469
327,0.056924,0.004438,0.024769,0.002296,0.029721,0.811779,0.000794,0.001262,0.067826,0.000192
328,0.813483,0.024813,0.004620,0.021869,0.109109,0.017014,0.002968,0.003802,0.001294,0.001027
329,0.789258,0.105077,0.004219,0.014189,0.026583,0.009041,0.040089,0.007629,0.000078,0.003838
330,0.746728,0.025352,0.001502,0.004487,0.117245,0.018670,0.028867,0.038445,0.000518,0.018185
331,0.441250,0.008659,0.000295,0.474597,0.008811,0.001692,0.002883,0.055841,0.000548,0.005423
332,0.266407,0.010455,0.510671,0.000215,0.101988,0.005666,0.037205,0.046713,0.000463,0.020217
333,0.779067,0.093961,0.031139,0.002439,0.005361,0.016574,0.010833,0.018052,0.002139,0.040435
334,0.981756,0.011475,0.000266,0.000024,0.000272,0.000051,0.001431,0.003919,0.000006,0.000800
335,0.981346,0.003807,0.003797,0.000638,0.001805,0.003314,0.000887,0.003313,0.000451,0.000642
336,0.831804,0.013463,0.043180,0.003553,0.006336,0.006310,0.017457,0.070625,0.000700,0.006570
337,0.894015,0.015958,0.003097,0.000219,0.027907,0.006863,0.000468,0.018768,0.000003,0.032701
338,0.351591,0.059128,0.015675,0.018306,0.041319,0.028932,0.022537,0.446646,0.001187,0.014680
339,0.038302,0.002636,0.292469,0.000349,0.380414,0.245716,0.016438,0.005357,0.018178,0.000141
340,0.041796,0.007298,0.009274,0.614081,0.003992,0.314481,0.001149,0.000237,0.006029,0.001665
341,0.298743,0.003355,0.004501,0.212426,0.015552,0.048359,0.005381,0.389583,0.000849,0.021250
342,0.108398,0.177403,0.005506,0.443364,0.053378,0.183504,0.023872,0.002219,0.000852,0.001505
343,0.942685,0.002463,0.000904,0.000843,0.037896,0.003865,0.001294,0.006127,0.000005,0.003916
344,0.339696,0.611799,0.016469,0.005514,0.014407,0.003842,0.005614,0.000116,0.000037,0.002504
345,0.846846,0.018486,0.000491,0.000338,0.003506,0.003619,0.006335,0.114245,0.001581,0.004555
346,0.413744,0.523344,0.012846,0.015795,0.006339,0.026032,0.000969,0.000188,0.000304,0.000440
347,0.085112,0.039232,0.520093,0.000308,0.089541,0.242220,0.017934,0.001310,0.003892,0.000359
348,0.005031,0.001474,0.976344,0.000197,0.009047,0.005119,0.000056,0.000016,0.002694,0.000023
349,0.028011,0.002420,0.005349,0.015224,0.733652,0.190257,0.009902,0.003284,0.004575,0.007326
350,0.824573,0.132563,0.028548,0.000307,0.000571,0.008820,0.001531,0.002164,0.000151,0.000773
351,0.959501,0.025045,0.000984,0.002568,0.001221,0.003707,0.004992,0.001547,0.000196,0.000238
352,0.037602,0.005156,0.566821,0.000441,0.026240,0.233431,0.008538,0.005160,0.114839,0.001773
353,0.128987,0.153687,0.336887,0.143288,0.045751,0.060853,0.116216,0.000494,0.013356,0.000480
354,0.461249,0.093710,0.017714,0.016796,0.056621,0.333178,0.010590,0.006571,0.001290,0.002280
355,0.847232,0.128739,0.002241,0.000843,0.003876,0.005777,0.001830,0.005503,0.000143,0.003816
356,0.983281,0.011286,0.001988,0.000050,0.000947,0.000142,0.000351,0.000910,0.000011,0.001032
357,0.434883,0.006310,0.000973,0.006200,0.010783,0.030469,0.015346,0.489460,0.004271,0.001307
358,0.004970,0.002683,0.992095,0.000026,0.000003,0.000194,0.000005,0.000000,0.000007,0.000015
359,0.417732,0.065362,0.073225,0.063453,0.108258,0.028784,0.103901,0.029805,0.000624,0.108854
360,0.973089,0.017615,0.000278,0.000045,0.002681,0.001048,0.000765,0.003340,0.000315,0.000826
361,0.117412,0.000738,0.000162,0.000921,0.001467,0.001219,0.002137,0.821278,0.000202,0.054463
362,0.441501,0.006444,0.000268,0.000743,0.542079,0.000718,0.000977,0.006882,0.000019,0.000369
363,0.779996,0.008405,0.000661,0.000453,0.005816,0.004525,0.002458,0.194862,0.000310,0.002514
364,0.027076,0.544165,0.388960,0.001429,0.008158,0.026267,0.001269,0.000104,0.002250,0.000321
365,0.147791,0.163040,0.013807,0.255539,0.047867,0.297209,0.032322,0.000584,0.040966,0.000876
366,0.063579,0.002947,0.873364,0.001379,0.014600,0.033952,0.002634,0.000689,0.006606,0.000251
367,0.912833,0.028356,0.003695,0.000217,0.033094,0.002237,0.004415,0.012942,0.000585,0.001625
368,0.504485,0.278630,0.070964,0.031328,0.003182,0.097423,0.010773,0.000112,0.001116,0.001987
369,0.025358,0.075987,0.005735,0.875104,0.004354,0.010426,0.001494,0.000588,0.000020,0.000934
370,0.164354,0.050111,0.015673,0.067655,0.003682,0.680870,0.012447,0.001982,0.001874,0.001351
371,0.552992,0.060377,0.057647,0.012247,0.122561,0.067765,0.009418,0.094428,0.001107,0.021459
372,0.375574,0.607618,0.000585,0.001269,0.000795,0.000653,0.003264,0.006963,0.000036,0.003244
373,0.818939,0.026631,0.002031,0.019317,0.035297,0.040051,0.037360,0.017847,0.000338,0.002189
374,0.484157,0.016894,0.004916,0.026602,0.155787,0.046019,0.043098,0.061593,0.003404,0.157530
375,0.915354,0.059893,0.003876,0.008379,0.003670,0.002244,0.002837,0.001870,0.000238,0.001639
376,0.279722,0.056748,0.012415,0.412438,0.109345,0.068371,0.007293,0.007627,0.005942,0.040098
377,0.292697,0.437880,0.039586,0.135367,0.012645,0.021626,0.051355,0.004713,0.000260,0.003873
378,0.963804,0.030097,0.000232,0.000103,0.002417,0.002516,0.000351,0.000433,0.000010,0.000038
379,0.973204,0.016326,0.001865,0.000190,0.000221,0.002599,0.000249,0.004094,0.000493,0.000758
380,0.771366,0.105660,0.003021,0.009487,0.001496,0.001740,0.057368,0.013509,0.000087,0.036264
381,0.626756,0.007833,0.003168,0.003326,0.027004,0.014813,0.001663,0.307267,0.000588,0.007582
382,0.955877,0.020248,0.001184,0.000806,0.001291,0.001031,0.000854,0.009357,0.001091,0.008262
383,0.946836,0.009397,0.011159,0.000889,0.004235,0.007241,0.001044,0.016628,0.000109,0.002460
384,0.953663,0.030346,0.002726,0.000852,0.001158,0.001130,0.003261,0.002798,0.000017,0.004048
385,0.788718,0.012743,0.003058,0.121961,0.025837,0.015497,0.003660,0.014382,0.000760,0.013384
386,0.058863,0.010734,0.326422,0.008682,0.062868,0.342525,0.039105,0.001520,0.148616,0.000664
387,0.028263,0.025182,0.865852,0.004315,0.000388,0.071096,0.001171,0.000811,0.001944,0.000979
388,0.932922,0.049394,0.004315,0.003140,0.003927,0.001823,0.003900,0.000387,0.000023,0.000168
389,0.980052,0.010695,0.004453,0.000359,0.000418,0.000451,0.000125,0.000343,0.000020,0.003084
390,0.074713,0.860720,0.002457,0.027116,0.000750,0.029992,0.001750,0.000572,0.000808,0.001121
391,0.120810,0.037436,0.018819,0.094490,0.250776,0.016621,0.082103,0.021371,0.000704,0.356872
392,0.953693,0.006727,0.023492,0.000044,0.000557,0.003515,0.002248,0.002513,0.000070,0.007141
393,0.086104,0.005250,0.000493,0.051113,0.149400,0.404240,0.205502,0.065818,0.004151,0.027929
394,0.941989,0.043778,0.006394,0.000089,0.003564,0.001437,0.002456,0.000097,0.000138,0.000058
395,0.004209,0.001995,0.001043,0.981851,0.000349,0.000803,0.000552,0.000050,0.000013,0.009133
396,0.169096,0.019803,0.056278,0.003282,0.233594,0.011639,0.423836,0.043073,0.008764,0.030634
397,0.923623,0.037866,0.003664,0.000053,0.006774,0.001152,0.024035,0.001658,0.000539,0.000638
398,0.282200,0.098713,0.057742,0.074820,0.015765,0.284349,0.067644,0.023643,0.076165,0.018960
399,0.313527,0.021411,0.024231,0.013996,0.000821,0.018025,0.002585,0.596054,0.000184,0.009167
400,0.209408,0.000392,0.000059,0.002492,0.002083,0.001435,0.001181,0.776757,0.000064,0.006129
401,0.127736,0.831457,0.008286,0.000092,0.001700,0.025887,0.001462,0.000117,0.002809,0.000454
402,0.911721,0.063977,0.021750,0.000316,0.000247,0.000930,0.000020,0.000147,0.000004,0.000888
403,0.170780,0.014341,0.001055,0.375016,0.023388,0.050419,0.062846,0.089461,0.000095,0.212600
404,0.275812,0.706706,0.001461,0.009302,0.000358,0.001485,0.004656,0.000059,0.000035,0.000126
405,0.368817,0.564325,0.004865,0.004951,0.026742,0.003574,0.021120,0.000768,0.000027,0.004812
406,0.014123,0.976289,0.005482,0.003502,0.000020,0.000388,0.000178,0.000005,0.000001,0.000014
407,0.581198,0.188006,0.037812,0.022293,0.078759,0.069281,0.006826,0.003969,0.000043,0.011814
408,0.659405,0.146683,0.024211,0.038636,0.012334,0.020606,0.065196,0.004141,0.000154,0.028634
409,0.935957,0.048269,0.006540,0.000166,0.000691,0.000518,0.000256,0.003060,0.000065,0.004477
410,0.949642,0.018959,0.000246,0.001008,0.002334,0.000492,0.000685,0.022015,0.000280,0.004338
411,0.867899,0.009903,0.004977,0.008422,0.002306,0.006150,0.000238,0.096967,0.000116,0.003021
412,0.392353,0.047165,0.021301,0.219476,0.091706,0.149771,0.050113,0.011925,0.000654,0.015537
413,0.086294,0.002237,0.003946,0.001042,0.001165,0.025483,0.003843,0.871627,0.003352,0.001011
414,0.741352,0.011193,0.003164,0.006087,0.068163,0.010808,0.090912,0.048222,0.008307,0.011792
415,0.282379,0.695795,0.011940,0.001622,0.001955,0.002520,0.002866,0.000447,0.000048,0.000429
416,0.991150,0.002881,0.000759,0.000076,0.002169,0.000518,0.001834,0.000338,0.000036,0.000239
417,0.001192,0.002424,0.000930,0.002746,0.010121,0.020617,0.002092,0.000077,0.942977,0.016824
418,0.986998,0.003762,0.000591,0.000088,0.001449,0.000754,0.000297,0.003466,0.002383,0.000212
419,0.090137,0.006518,0.001436,0.309818,0.011079,0.563703,0.006077,0.010240,0.000834,0.000157
420,0.355854,0.091229,0.331413,0.009063,0.108062,0.067390,0.021851,0.000281,0.013177,0.001680
421,0.883619,0.067283,0.007286,0.010934,0.000650,0.012055,0.015022,0.001114,0.000376,0.001662
422,0.636630,0.172708,0.007460,0.057048,0.011034,0.076174,0.011091,0.015303,0.002963,0.009589
423,0.587658,0.218403,0.003324,0.000553,0.011758,0.000682,0.159630,0.001585,0.000005,0.016401
424,0.544584,0.079007,0.004719,0.090212,0.028164,0.167841,0.063963,0.008006,0.010451,0.003054
425,0.638383,0.028816,0.002630,0.002040,0.009288,0.004244,0.007526,0.298311,0.002692,0.006072
