Sample_id,Class_1,Class_2,Class_3,Class_4,Class_5,Class_6,Class_7,Class_8,Class_9,Class_10
1,0.152362,0.052552,0.475417,0.003333,0.031802,0.063527,0.198076,0.003805,0.011990,0.007136
2,0.076703,0.013298,0.107158,0.010822,0.022824,0.006814,0.105033,0.006743,0.648136,0.002469
3,0.773600,0.028532,0.000809,0.000979,0.066816,0.021393,0.054737,0.036418,0.000274,0.016443
4,0.937912,0.020478,0.001995,0.004037,0.010019,0.009332,0.009118,0.002929,0.001761,0.002419
5,0.875552,0.007048,0.000998,0.001373,0.000787,0.066992,0.001279,0.040658,0.002184,0.003130
6,0.607334,0.004684,0.001050,0.002291,0.122356,0.115834,0.041597,0.102393,0.000112,0.002349
7,0.235430,0.046254,0.005835,0.023677,0.245268,0.100143,0.034752,0.002685,0.302127,0.003830
8,0.647822,0.010288,0.002927,0.001745,0.109676,0.003454,0.028564,0.186595,0.001691,0.007240
9,0.929299,0.002090,0.008475,0.002390,0.024266,0.008204,0.020416,0.003754,0.000032,0.001073
10,0.460325,0.496197,0.012134,0.001851,0.001657,0.003272,0.002122,0.014684,0.007308,0.000449
11,0.840807,0.025503,0.003961,0.000537,0.031554,0.022197,0.067826,0.006858,0.000061,0.000695
12,0.018868,0.010393,0.189690,0.096954,0.277503,0.001481,0.040952,0.045323,0.000101,0.318734
13,0.872588,0.042908,0.011805,0.003075,0.010705,0.021223,0.023136,0.000932,0.002347,0.011281
14,0.185839,0.018888,0.012418,0.303430,0.061972,0.005508,0.002837,0.214744,0.037265,0.157099
15,0.348782,0.043493,0.002091,0.448424,0.005801,0.116188,0.029809,0.001912,0.000426,0.003074
16,0.323370,0.094891,0.001331,0.046791,0.022787,0.004027,0.028146,0.457718,0.000441,0.020496
17,0.374555,0.230015,0.114292,0.010796,0.072722,0.125126,0.016052,0.014209,0.032760,0.009473
18,0.947607,0.026278,0.002095,0.000415,0.002420,0.019133,0.000985,0.000672,0.000361,0.000034
19,0.164762,0.004296,0.559695,0.001800,0.001861,0.167686,0.011250,0.082981,0.002955,0.002714
20,0.392044,0.579576,0.000879,0.003257,0.007388,0.003594,0.007450,0.000091,0.005387,0.000336
21,0.458355,0.352996,0.177675,0.000241,0.000409,0.003384,0.004038,0.000251,0.000089,0.002562
22,0.705838,0.004507,0.040130,0.001903,0.011819,0.050555,0.033416,0.118321,0.001508,0.032003
23,0.896957,0.011592,0.019762,0.037928,0.007762,0.010412,0.003653,0.008966,0.000070,0.002899
24,0.384805,0.428099,0.002196,0.030856,0.002643,0.085460,0.018290,0.036259,0.000439,0.010954
25,0.813592,0.095499,0.027234,0.000638,0.002087,0.012470,0.011400,0.035380,0.000271,0.001429
26,0.070191,0.275444,0.011912,0.443319,0.096330,0.012729,0.065446,0.001357,0.000725,0.022547
27,0.057626,0.525384,0.368301,0.002087,0.002931,0.026554,0.011472,0.000967,0.001581,0.003098
28,0.429130,0.002557,0.028478,0.004602,0.027740,0.010027,0.009979,0.449228,0.022692,0.015567
29,0.723379,0.001862,0.003163,0.007830,0.039654,0.058656,0.010225,0.118359,0.030874,0.005998
30,0.938596,0.009459,0.007063,0.000747,0.010528,0.012642,0.007089,0.009889,0.003905,0.000082
31,0.089670,0.061270,0.008444,0.534026,0.014865,0.036397,0.037870,0.004763,0.000086,0.212608
32,0.940276,0.009040,0.018451,0.002422,0.003516,0.001898,0.004691,0.003369,0.000250,0.016088
33,0.659701,0.044113,0.003611,0.001385,0.007706,0.012538,0.088530,0.160820,0.000703,0.020892
34,0.408971,0.017953,0.024688,0.063270,0.081595,0.097926,0.023923,0.097001,0.133354,0.051320
35,0.136234,0.157510,0.008645,0.635930,0.004423,0.004293,0.003842,0.001280,0.000898,0.046947
36,0.025218,0.169969,0.071489,0.084832,0.006517,0.627358,0.001457,0.005626,0.000367,0.007168
37,0.900308,0.031065,0.003793,0.018813,0.004118,0.007268,0.006922,0.025632,0.000267,0.001814
38,0.897334,0.002266,0.001621,0.002439,0.040105,0.019559,0.007406,0.014922,0.014098,0.000250
39,0.943325,0.033254,0.001799,0.005385,0.003792,0.002396,0.000508,0.004991,0.000109,0.004439
40,0.189986,0.649379,0.010682,0.042864,0.038546,0.047538,0.012644,0.002209,0.003641,0.002512
41,0.857852,0.008037,0.003493,0.001844,0.025259,0.034500,0.027145,0.024688,0.001051,0.016132
42,0.475938,0.501375,0.000696,0.001286,0.003214,0.001517,0.000927,0.005685,0.008404,0.000959
43,0.125167,0.001276,0.577523,0.000201,0.006790,0.018045,0.043334,0.040489,0.001095,0.186079
44,0.716527,0.037558,0.131653,0.007731,0.009532,0.034329,0.004706,0.049938,0.004253,0.003772
45,0.863126,0.055502,0.008393,0.015669,0.010711,0.006339,0.022572,0.002461,0.001840,0.013387
46,0.146266,0.832870,0.001464,0.001490,0.011438,0.002466,0.002878,0.000933,0.000151,0.000043
47,0.437221,0.522838,0.003128,0.002779,0.014134,0.002212,0.013485,0.000134,0.003595,0.000474
48,0.837316,0.058223,0.000485,0.008400,0.028320,0.033929,0.031090,0.000670,0.000583,0.000985
49,0.248155,0.034248,0.002963,0.189911,0.024487,0.219884,0.003822,0.254927,0.000234,0.021370
50,0.642453,0.132256,0.002611,0.022089,0.019907,0.101280,0.026736,0.037859,0.011446,0.003363
51,0.183162,0.518614,0.293610,0.001193,0.000034,0.002680,0.000181,0.000016,0.000001,0.000509
52,0.147247,0.011018,0.644550,0.001118,0.029958,0.144372,0.003299,0.012884,0.005317,0.000237
53,0.130406,0.049798,0.011720,0.204896,0.049637,0.136338,0.384016,0.006618,0.017158,0.009413
54,0.722897,0.040375,0.001636,0.009082,0.144495,0.008397,0.010342,0.059368,0.000816,0.002592
55,0.027229,0.014349,0.883228,0.000410,0.003517,0.043231,0.001532,0.002734,0.023217,0.000553
56,0.055729,0.024860,0.810133,0.008662,0.010938,0.013768,0.008802,0.000747,0.064900,0.001460
57,0.006770,0.015647,0.005105,0.010314,0.305227,0.107853,0.042637,0.015244,0.339501,0.151703
58,0.928245,0.030449,0.012049,0.000519,0.008162,0.002281,0.003008,0.012237,0.000245,0.002805
59,0.001282,0.011466,0.599637,0.003753,0.152695,0.156144,0.000231,0.000568,0.074066,0.000157
60,0.448856,0.444824,0.020818,0.002466,0.034493,0.016021,0.018534,0.012434,0.000230,0.001324
61,0.788347,0.008821,0.005541,0.035744,0.020948,0.046684,0.061918,0.008232,0.001957,0.021809
62,0.903739,0.009014,0.058428,0.001937,0.006980,0.005141,0.001403,0.002543,0.000082,0.010732
63,0.053914,0.444473,0.001188,0.381713,0.032087,0.047880,0.011169,0.017174,0.001870,0.008533
64,0.907364,0.000858,0.013390,0.025892,0.002374,0.008620,0.008623,0.029461,0.002830,0.000588
65,0.527915,0.016202,0.009289,0.104608,0.073626,0.171457,0.044573,0.015386,0.033798,0.003146
66,0.449389,0.467644,0.002937,0.003027,0.011689,0.000547,0.000743,0.000471,0.000084,0.063469
67,0.835320,0.020005,0.007076,0.002798,0.001070,0.047167,0.000807,0.061904,0.017880,0.005972
68,0.022649,0.614391,0.000743,0.284188,0.024956,0.004773,0.046236,0.000732,0.000022,0.001312
69,0.057510,0.803657,0.011442,0.057365,0.048618,0.011396,0.008411,0.000222,0.000250,0.001130
70,0.827066,0.048258,0.071896,0.015884,0.007760,0.009887,0.002244,0.008091,0.000559,0.008355
71,0.906842,0.002137,0.004966,0.000009,0.008128,0.006859,0.002823,0.061530,0.000416,0.006290
72,0.588486,0.047849,0.004969,0.007255,0.242777,0.013394,0.018676,0.068211,0.002570,0.005814
73,0.532010,0.022061,0.004524,0.029513,0.008152,0.113556,0.001991,0.266963,0.000606,0.020626
74,0.241901,0.018379,0.096493,0.034144,0.204855,0.016254,0.225851,0.012906,0.000102,0.149115
75,0.544445,0.004117,0.016080,0.000468,0.001900,0.002087,0.006826,0.419026,0.002355,0.002697
76,0.024276,0.636436,0.324571,0.000211,0.000208,0.012734,0.001394,0.000014,0.000070,0.000086
77,0.797370,0.176193,0.006269,0.000503,0.000568,0.014162,0.000452,0.004343,0.000012,0.000127
78,0.049187,0.111667,0.560836,0.006178,0.002708,0.202901,0.015879,0.001264,0.028502,0.020879
79,0.130823,0.009145,0.004953,0.008581,0.085224,0.205020,0.028999,0.001758,0.521032,0.004465
80,0.528106,0.083794,0.025555,0.022181,0.016849,0.032380,0.021142,0.033257,0.024088,0.212649
81,0.017050,0.108805,0.246211,0.014050,0.007548,0.244369,0.003563,0.000636,0.245131,0.112638
82,0.783388,0.018766,0.003469,0.019931,0.017935,0.005294,0.091279,0.045274,0.012876,0.001788
83,0.781360,0.016709,0.000913,0.000995,0.004919,0.010399,0.040366,0.080299,0.054748,0.009292
84,0.482681,0.478392,0.006516,0.019600,0.002608,0.006652,0.001981,0.000745,0.000008,0.000818
85,0.004948,0.011586,0.446339,0.010735,0.004972,0.065075,0.012572,0.000266,0.443410,0.000097
86,0.795014,0.007086,0.010280,0.001796,0.016603,0.006873,0.036216,0.110138,0.000221,0.015773
87,0.163924,0.226212,0.014099,0.458508,0.018802,0.009572,0.064232,0.000022,0.000018,0.044611
88,0.021767,0.180719,0.336801,0.019808,0.007901,0.401505,0.004450,0.000419,0.002281,0.024350
89,0.051362,0.002598,0.048184,0.420236,0.010358,0.020278,0.003014,0.416151,0.000535,0.027285
90,0.816069,0.008382,0.004743,0.027174,0.015746,0.025481,0.041873,0.050321,0.002406,0.007806
91,0.511025,0.021630,0.009103,0.019063,0.015172,0.104084,0.027900,0.010517,0.001682,0.279825
92,0.097723,0.300413,0.540666,0.008082,0.011934,0.012989,0.022574,0.002187,0.002438,0.000993
93,0.903064,0.016739,0.007259,0.000259,0.039178,0.011142,0.008826,0.009083,0.001313,0.003137
94,0.947898,0.007550,0.011654,0.000139,0.008539,0.002180,0.002120,0.017815,0.001456,0.000647
95,0.827635,0.078863,0.002343,0.001142,0.064359,0.004980,0.018902,0.000747,0.000897,0.000133
96,0.704467,0.008346,0.013361,0.091548,0.004978,0.054415,0.051367,0.033542,0.001240,0.036737
97,0.014025,0.005378,0.012135,0.010663,0.670678,0.259779,0.015662,0.009527,0.000605,0.001548
98,0.069757,0.247957,0.056770,0.334341,0.051966,0.142419,0.031413,0.051703,0.002560,0.011113
99,0.154689,0.759537,0.010157,0.001746,0.037424,0.008094,0.025455,0.001574,0.001113,0.000211
100,0.329965,0.008481,0.312049,0.023509,0.086808,0.034928,0.032533,0.065056,0.092742,0.013929
101,0.832212,0.012236,0.001780,0.000678,0.102567,0.003892,0.036451,0.006740,0.000131,0.003313
102,0.061712,0.011519,0.003523,0.601073,0.057140,0.025330,0.153953,0.015650,0.000850,0.069249
103,0.404382,0.032783,0.001820,0.069369,0.382837,0.011402,0.059131,0.007864,0.004012,0.026400
104,0.767691,0.024110,0.001391,0.008071,0.046321,0.039297,0.089980,0.021183,0.000243,0.001713
105,0.060596,0.113066,0.004175,0.551882,0.104175,0.005445,0.073226,0.026774,0.059858,0.000804
106,0.713118,0.223992,0.001748,0.000337,0.007376,0.002771,0.000384,0.035833,0.014317,0.000123
107,0.618265,0.004161,0.002277,0.001944,0.259426,0.008595,0.007264,0.092693,0.002090,0.003284
108,0.959371,0.008126,0.000611,0.003581,0.001924,0.011740,0.010510,0.001564,0.001056,0.001517
109,0.223262,0.407085,0.008121,0.169158,0.076934,0.037225,0.057937,0.001593,0.011647,0.007038
110,0.374348,0.004167,0.056010,0.026723,0.008439,0.001456,0.000554,0.513896,0.000039,0.014367
111,0.147913,0.167477,0.426249,0.093511,0.001287,0.016195,0.004712,0.124800,0.014173,0.003683
112,0.006348,0.924687,0.033378,0.001288,0.000533,0.006998,0.019133,0.003176,0.003345,0.001113
113,0.889560,0.022557,0.002980,0.000382,0.001943,0.008861,0.004265,0.066109,0.001948,0.001396
114,0.825675,0.008367,0.016938,0.002240,0.011213,0.007631,0.031916,0.078811,0.002071,0.015138
115,0.953102,0.013479,0.008769,0.000660,0.005457,0.003835,0.001777,0.010847,0.002029,0.000045
116,0.312816,0.001118,0.002465,0.237843,0.149353,0.021605,0.013024,0.208559,0.016687,0.036530
117,0.905729,0.017271,0.022425,0.001641,0.018059,0.003981,0.021793,0.002102,0.006034,0.000966
118,0.950604,0.010189,0.025096,0.000318,0.000504,0.005074,0.004107,0.001978,0.000308,0.001824
119,0.918988,0.007552,0.002439,0.001228,0.040187,0.003612,0.023020,0.001919,0.000522,0.000534
120,0.615528,0.038521,0.283225,0.000837,0.006699,0.001476,0.002255,0.028182,0.004812,0.018464
121,0.885473,0.011914,0.004694,0.000288,0.000710,0.038422,0.003012,0.053871,0.000055,0.001561
122,0.952524,0.017501,0.000932,0.000763,0.010750,0.006557,0.003912,0.003473,0.000257,0.003331
123,0.101176,0.684705,0.003258,0.106001,0.057358,0.032306,0.002406,0.002049,0.008394,0.002347
124,0.932172,0.013882,0.001707,0.000381,0.019002,0.009135,0.014727,0.005805,0.001715,0.001475
125,0.074192,0.018758,0.812647,0.002905,0.035739,0.011677,0.041549,0.001337,0.000305,0.000891
126,0.143958,0.221804,0.023797,0.024789,0.068116,0.110366,0.028614,0.007496,0.353557,0.017503
127,0.853712,0.053787,0.005524,0.001496,0.019210,0.009472,0.018059,0.019119,0.002450,0.017170
128,0.952868,0.015611,0.011128,0.002532,0.001121,0.010296,0.003240,0.001609,0.000007,0.001590
129,0.003310,0.398320,0.020195,0.292227,0.000879,0.050304,0.002476,0.001333,0.226193,0.004764
130,0.219880,0.751690,0.000357,0.010532,0.009449,0.004262,0.003552,0.000205,0.000013,0.000059
131,0.061923,0.004365,0.002437,0.009053,0.644848,0.192923,0.075193,0.001098,0.008130,0.000030
132,0.748961,0.002389,0.005299,0.000145,0.044879,0.003872,0.005178,0.173277,0.000118,0.015882
133,0.875564,0.014056,0.003581,0.003193,0.013666,0.007831,0.018277,0.044616,0.000153,0.019063
134,0.022775,0.099100,0.002424,0.114135,0.357241,0.077995,0.083386,0.064412,0.152959,0.025573
135,0.922631,0.009330,0.032013,0.017535,0.001729,0.011490,0.004061,0.000162,0.000421,0.000628
136,0.076024,0.052846,0.001652,0.711386,0.021516,0.118379,0.008357,0.006243,0.000261,0.003335
137,0.087171,0.025826,0.028074,0.013014,0.001325,0.821159,0.009717,0.001091,0.012097,0.000527
138,0.109267,0.004744,0.822271,0.002077,0.047732,0.010148,0.000720,0.000373,0.000628,0.002040
139,0.718980,0.007668,0.103603,0.029185,0.015334,0.057644,0.040163,0.018009,0.003133,0.006280
140,0.769804,0.087633,0.002238,0.007095,0.003754,0.032136,0.014024,0.072941,0.000850,0.009525
141,0.801234,0.078844,0.009974,0.006321,0.013756,0.012176,0.005175,0.064151,0.005260,0.003109
142,0.401064,0.035966,0.013156,0.001030,0.010665,0.000668,0.004792,0.515841,0.000155,0.016663
143,0.342848,0.159884,0.009511,0.003087,0.266136,0.026652,0.164884,0.023886,0.001528,0.001583
144,0.945461,0.005919,0.002404,0.002701,0.005436,0.000802,0.011695,0.025243,0.000003,0.000336
145,0.277973,0.013356,0.018324,0.030275,0.077877,0.186571,0.215497,0.004345,0.031989,0.143791
146,0.509680,0.003944,0.002252,0.000201,0.003523,0.001287,0.003264,0.357307,0.117078,0.001464
147,0.267656,0.669550,0.004414,0.015071,0.017706,0.002896,0.013347,0.008261,0.001030,0.000068
148,0.828183,0.022584,0.001857,0.018144,0.039173,0.056547,0.025058,0.005732,0.001888,0.000835
149,0.013631,0.084034,0.029632,0.000760,0.646144,0.014054,0.028537,0.000052,0.182993,0.000162
150,0.712183,0.233532,0.021454,0.002121,0.015404,0.003917,0.005838,0.004383,0.000574,0.000596
151,0.428172,0.537038,0.006333,0.008451,0.005137,0.003168,0.009666,0.000074,0.001330,0.000632
152,0.603991,0.002065,0.007303,0.114219,0.039939,0.043200,0.044113,0.077247,0.065912,0.002010
153,0.110533,0.847000,0.002245,0.015579,0.015475,0.000500,0.007850,0.000426,0.000129,0.000261
154,0.123086,0.374299,0.012274,0.085350,0.301966,0.017830,0.070549,0.009628,0.000325,0.004694
155,0.114312,0.296351,0.027030,0.026155,0.016277,0.485139,0.015741,0.000447,0.000429,0.018119
156,0.879233,0.066415,0.003189,0.023743,0.004722,0.014632,0.002751,0.001960,0.000116,0.003239
157,0.083962,0.031560,0.059911,0.001143,0.167818,0.025615,0.359258,0.238923,0.000386,0.031425
158,0.742442,0.060731,0.011358,0.002997,0.022817,0.018908,0.015890,0.119317,0.001550,0.003992
159,0.634054,0.031380,0.004935,0.021596,0.043832,0.057479,0.042540,0.148591,0.014031,0.001561
160,0.405316,0.019075,0.004351,0.058205,0.280972,0.075836,0.146146,0.000331,0.005986,0.003782
161,0.841085,0.021060,0.010597,0.000651,0.026000,0.011625,0.072202,0.013532,0.001769,0.001479
162,0.313846,0.141107,0.010471,0.057084,0.079636,0.248673,0.128769,0.002160,0.013561,0.004693
163,0.550242,0.013349,0.054292,0.006052,0.100726,0.038576,0.103603,0.110040,0.011239,0.011881
164,0.011531,0.537724,0.002387,0.057368,0.000271,0.379169,0.010892,0.000109,0.000221,0.000327
165,0.199568,0.024107,0.010324,0.345474,0.094551,0.092332,0.056098,0.012433,0.009668,0.155446
166,0.519778,0.089831,0.044101,0.039177,0.023823,0.062501,0.050135,0.111222,0.052980,0.006453
167,0.450434,0.031158,0.006711,0.018793,0.122636,0.031389,0.059620,0.211290,0.038129,0.029840
168,0.904961,0.041130,0.009930,0.000150,0.008223,0.009499,0.012774,0.008096,0.000061,0.005177
169,0.500365,0.042195,0.074667,0.129881,0.006625,0.222698,0.002377,0.003975,0.000042,0.017177
170,0.224519,0.070676,0.001075,0.365400,0.135293,0.118697,0.014610,0.020912,0.004594,0.044224
171,0.141467,0.757327,0.010030,0.047791,0.001169,0.008231,0.033822,0.000045,0.000003,0.000114
172,0.471288,0.018133,0.006635,0.024855,0.139155,0.210120,0.007053,0.094785,0.002748,0.025227
173,0.556891,0.002001,0.001931,0.001581,0.027112,0.016490,0.027876,0.361732,0.002827,0.001558
174,0.627568,0.018772,0.004852,0.148604,0.019149,0.072414,0.000727,0.088007,0.004300,0.015608
175,0.945769,0.010593,0.026194,0.001780,0.008381,0.000909,0.004456,0.001242,0.000163,0.000512
176,0.381785,0.606029,0.000966,0.000581,0.003260,0.000547,0.005345,0.001350,0.000022,0.000115
177,0.692905,0.260900,0.018365,0.000981,0.002217,0.012316,0.002425,0.004546,0.000228,0.005117
178,0.643130,0.096959,0.004916,0.015447,0.157644,0.033527,0.023839,0.003737,0.000738,0.020063
179,0.323499,0.024608,0.031119,0.025340,0.006463,0.305642,0.002182,0.080359,0.000650,0.200138
180,0.833225,0.061347,0.015461,0.018617,0.007867,0.009645,0.030937,0.005697,0.000033,0.017171
181,0.910382,0.011628,0.002420,0.002561,0.001736,0.007010,0.002904,0.040396,0.000088,0.020874
182,0.845736,0.042619,0.003594,0.015384,0.005768,0.014330,0.001242,0.068134,0.000013,0.003180
183,0.071145,0.899108,0.020353,0.001727,0.003861,0.000858,0.002817,0.000037,0.000081,0.000013
184,0.079342,0.246718,0.022302,0.055340,0.003162,0.221773,0.369821,0.000042,0.000503,0.000997
185,0.487814,0.326372,0.004408,0.050969,0.046045,0.043024,0.026585,0.002427,0.011830,0.000526
186,0.887807,0.030879,0.001025,0.000664,0.046396,0.015991,0.009290,0.004379,0.000039,0.003530
187,0.039765,0.003945,0.858027,0.010013,0.013896,0.052395,0.003926,0.014173,0.002780,0.001078
188,0.403604,0.001897,0.116669,0.049210,0.011837,0.252204,0.025687,0.123766,0.006427,0.008700
189,0.805336,0.091913,0.007686,0.016375,0.021886,0.005701,0.029247,0.012731,0.001104,0.008021
190,0.107874,0.067613,0.002111,0.452282,0.131165,0.060686,0.022663,0.009398,0.000516,0.145692
191,0.062440,0.320185,0.075038,0.038508,0.129075,0.016884,0.250682,0.022067,0.006047,0.079074
192,0.382908,0.605705,0.006406,0.002345,0.001357,0.000288,0.000291,0.000381,0.000012,0.000307
193,0.808131,0.055914,0.004819,0.000846,0.066471,0.013379,0.026058,0.013639,0.008374,0.002367
194,0.185112,0.000175,0.065479,0.011847,0.067423,0.114689,0.023394,0.001369,0.515921,0.014591
195,0.752785,0.020005,0.000413,0.060673,0.046096,0.041948,0.050581,0.012088,0.011795,0.003615
196,0.086114,0.013560,0.881102,0.000607,0.001409,0.009075,0.003543,0.001480,0.000199,0.002910
197,0.016815,0.492821,0.487467,0.000301,0.000382,0.000097,0.000718,0.000261,0.001000,0.000137
198,0.843682,0.044096,0.000189,0.000504,0.074545,0.029270,0.006757,0.000593,0.000102,0.000263
199,0.540859,0.421993,0.009755,0.006634,0.000121,0.000678,0.015731,0.001617,0.000074,0.002539
200,0.750609,0.039915,0.002509,0.092473,0.015648,0.029724,0.002984,0.061103,0.001204,0.003831
201,0.264395,0.679522,0.004012,0.004804,0.000987,0.001051,0.039486,0.004855,0.000016,0.000873
202,0.802363,0.027132,0.029473,0.035765,0.052069,0.037399,0.005042,0.001554,0.008310,0.000893
203,0.079362,0.004128,0.000386,0.234966,0.026867,0.154154,0.441405,0.001698,0.000798,0.056237
204,0.893129,0.066965,0.004258,0.000996,0.002192,0.012725,0.003545,0.002157,0.000127,0.013907
205,0.367532,0.041514,0.078512,0.289511,0.015266,0.061059,0.008351,0.001990,0.000306,0.135960
206,0.651458,0.182788,0.004662,0.003634,0.058930,0.054765,0.031132,0.006340,0.002501,0.003791
207,0.201052,0.468947,0.049932,0.010482,0.004128,0.211877,0.004116,0.004408,0.030085,0.014974
208,0.854717,0.075253,0.009255,0.004506,0.009787,0.008771,0.028552,0.007567,0.000197,0.001394
209,0.266859,0.098771,0.042376,0.118279,0.347470,0.011679,0.075017,0.003335,0.022087,0.014127
210,0.035477,0.029539,0.845316,0.004690,0.020677,0.045237,0.011852,0.004382,0.002536,0.000294
211,0.618383,0.113434,0.006290,0.176109,0.003668,0.039909,0.007454,0.032410,0.001134,0.001209
212,0.055780,0.307893,0.023885,0.342285,0.076171,0.123459,0.006783,0.002012,0.054576,0.007155
213,0.161721,0.035799,0.025437,0.241176,0.034381,0.139473,0.022138,0.102279,0.012918,0.224679
214,0.883484,0.046090,0.002270,0.001298,0.042486,0.008525,0.003483,0.008729,0.001067,0.002568
215,0.896628,0.017267,0.054404,0.000096,0.018489,0.000819,0.005988,0.005809,0.000391,0.000109
216,0.868072,0.029516,0.001819,0.012884,0.035404,0.024523,0.015446,0.011360,0.000490,0.000486
217,0.883499,0.000652,0.009020,0.006065,0.025929,0.030704,0.022851,0.010684,0.001833,0.008762
218,0.154285,0.797025,0.006404,0.001295,0.004668,0.001662,0.013570,0.014779,0.002886,0.003427
219,0.618450,0.100138,0.028387,0.059249,0.008973,0.098881,0.008418,0.008816,0.003324,0.065363
220,0.621329,0.321111,0.000355,0.002646,0.007699,0.032214,0.007505,0.006393,0.000489,0.000258
221,0.527073,0.040014,0.068500,0.000732,0.306329,0.024837,0.009236,0.016872,0.006298,0.000109
222,0.898896,0.005232,0.025274,0.016898,0.023338,0.005756,0.001739,0.019431,0.000360,0.003076
223,0.859602,0.124437,0.003654,0.000767,0.001109,0.001899,0.003670,0.003144,0.000093,0.001624
224,0.800716,0.055066,0.005109,0.005949,0.084479,0.023082,0.004744,0.017340,0.002753,0.000762
225,0.178391,0.422884,0.036414,0.357410,0.000919,0.002345,0.000693,0.000017,0.000075,0.000851
226,0.059196,0.561509,0.210795,0.000286,0.034517,0.094533,0.004914,0.018113,0.005765,0.010372
227,0.882643,0.009078,0.004355,0.000665,0.027625,0.039071,0.034686,0.001318,0.000167,0.000392
228,0.045938,0.343007,0.009876,0.325674,0.120469,0.024004,0.000790,0.000584,0.017416,0.112242
229,0.068011,0.149819,0.756473,0.000383,0.001074,0.016927,0.001777,0.001499,0.000192,0.003846
230,0.904166,0.051805,0.011833,0.002260,0.008644,0.001353,0.016916,0.002160,0.000597,0.000267
231,0.504268,0.069747,0.260881,0.026286,0.029203,0.034330,0.048005,0.022243,0.003023,0.002015
232,0.057288,0.005953,0.166947,0.077728,0.018314,0.025104,0.005767,0.552016,0.047691,0.043193
233,0.542488,0.198682,0.007056,0.160839,0.047675,0.009661,0.010726,0.002961,0.000435,0.019476
234,0.890130,0.007289,0.006716,0.000147,0.014102,0.001302,0.046765,0.024105,0.000633,0.008811
235,0.610458,0.002973,0.002410,0.032290,0.019295,0.227503,0.041062,0.057037,0.001779,0.005191
236,0.768360,0.038898,0.000429,0.001026,0.058455,0.010050,0.103793,0.015430,0.001028,0.002530
237,0.239420,0.052145,0.671002,0.002264,0.001966,0.013957,0.004842,0.008111,0.001731,0.004561
238,0.056359,0.025009,0.007820,0.135776,0.681943,0.077680,0.009050,0.004771,0.001378,0.000214
239,0.792410,0.015023,0.013706,0.008059,0.086249,0.014752,0.008824,0.014395,0.000562,0.046020
240,0.721267,0.000696,0.123475,0.000277,0.037818,0.009578,0.039559,0.063786,0.002469,0.001075
241,0.506963,0.025663,0.020661,0.007378,0.007265,0.011279,0.048440,0.350175,0.011573,0.010604
242,0.809897,0.156352,0.002073,0.000381,0.013812,0.003262,0.006851,0.002144,0.000728,0.004501
243,0.660155,0.005033,0.003021,0.001150,0.063119,0.012268,0.122512,0.105988,0.021168,0.005587
244,0.824606,0.111216,0.002156,0.016991,0.019067,0.011525,0.004026,0.002486,0.005831,0.002096
245,0.792753,0.019291,0.104646,0.003916,0.052103,0.008057,0.006179,0.004579,0.001069,0.007406
246,0.830691,0.111885,0.012829,0.014881,0.004634,0.002707,0.013080,0.003789,0.000088,0.005416
247,0.069716,0.420316,0.332563,0.005029,0.001954,0.003860,0.141685,0.000838,0.020937,0.003102
248,0.107080,0.844767,0.006623,0.007018,0.003094,0.020261,0.007016,0.000707,0.000225,0.003210
249,0.875115,0.036802,0.019341,0.007715,0.005383,0.011331,0.029335,0.000372,0.000304,0.014303
250,0.260170,0.708430,0.001278,0.015345,0.005705,0.002780,0.002808,0.002250,0.000209,0.001026
251,0.938332,0.002354,0.024366,0.000031,0.006805,0.002391,0.000595,0.024709,0.000064,0.000352
252,0.633165,0.037104,0.004934,0.128215,0.018841,0.048600,0.053271,0.021931,0.002900,0.051039
253,0.767416,0.080391,0.002682,0.000323,0.136445,0.002023,0.003947,0.005967,0.000269,0.000536
254,0.260350,0.136967,0.572407,0.004855,0.012291,0.004848,0.004073,0.002588,0.000532,0.001089
255,0.872893,0.029169,0.000598,0.001656,0.046676,0.043969,0.001338,0.001465,0.002050,0.000185
256,0.514149,0.422567,0.003479,0.000022,0.000374,0.032282,0.026509,0.000016,0.000000,0.000602
257,0.880662,0.010269,0.003669,0.002049,0.061857,0.014158,0.002962,0.021164,0.001445,0.001764
258,0.676593,0.081289,0.003051,0.199557,0.002736,0.004190,0.003027,0.016299,0.005339,0.007920
259,0.908119,0.010564,0.003520,0.000349,0.034534,0.002738,0.031832,0.006049,0.000294,0.002002
260,0.216553,0.228169,0.000770,0.278270,0.093236,0.076484,0.103931,0.001253,0.000090,0.001245
261,0.231978,0.005387,0.013001,0.020700,0.006366,0.686974,0.011583,0.020537,0.002757,0.000718
262,0.344020,0.569942,0.000129,0.047547,0.021056,0.008916,0.005071,0.002396,0.000420,0.000503
263,0.928005,0.023544,0.026458,0.000651,0.001161,0.006718,0.007407,0.003957,0.000383,0.001716
264,0.410654,0.227127,0.007429,0.012957,0.201456,0.017580,0.062054,0.007593,0.002615,0.050535
265,0.307204,0.074193,0.003224,0.537472,0.014259,0.056660,0.003768,0.000873,0.000155,0.002192
266,0.028188,0.339169,0.007952,0.592889,0.000983,0.023686,0.005033,0.000774,0.000094,0.001232
267,0.886893,0.033429,0.009551,0.000379,0.049050,0.000630,0.015614,0.001929,0.000276,0.002249
268,0.747326,0.011739,0.000021,0.002599,0.001167,0.082671,0.039392,0.109237,0.003067,0.002781
269,0.723315,0.214259,0.008099,0.014166,0.002439,0.001195,0.007040,0.014024,0.000387,0.015075
270,0.235607,0.002362,0.029360,0.041894,0.291069,0.031736,0.025101,0.224661,0.007145,0.111065
271,0.329964,0.514738,0.000203,0.055935,0.003337,0.018853,0.049696,0.000420,0.000066,0.026788
272,0.320690,0.417355,0.016187,0.009289,0.001420,0.000728,0.230651,0.001533,0.000205,0.001942
273,0.110439,0.062804,0.015179,0.101669,0.073895,0.463577,0.146060,0.014592,0.001457,0.010328
274,0.300171,0.071025,0.005445,0.102253,0.091915,0.306825,0.016547,0.007431,0.096213,0.002176
275,0.334244,0.039625,0.008910,0.019610,0.003079,0.000336,0.120095,0.426300,0.000105,0.047697
276,0.580159,0.162130,0.000559,0.019731,0.085522,0.118147,0.025420,0.002226,0.001367,0.004740
277,0.489961,0.004165,0.007513,0.006560,0.276244,0.043754,0.087280,0.081719,0.001598,0.001206
278,0.716921,0.204219,0.001764,0.000000,0.002575,0.001070,0.000438,0.005253,0.067685,0.000075
279,0.414662,0.016939,0.004899,0.292966,0.005568,0.016023,0.001458,0.233621,0.004463,0.009401
280,0.504328,0.019901,0.002681,0.000229,0.067107,0.028162,0.369290,0.003887,0.004346,0.000070
281,0.101816,0.015741,0.041342,0.202513,0.428617,0.168605,0.020297,0.005649,0.003213,0.012208
282,0.960464,0.011599,0.008532,0.005720,0.003387,0.006237,0.000266,0.000461,0.000015,0.003319
283,0.758586,0.001692,0.009629,0.002790,0.000467,0.084774,0.008199,0.110973,0.002687,0.020203
284,0.521367,0.029952,0.005755,0.010326,0.026251,0.137777,0.012929,0.251754,0.000255,0.003633
285,0.766914,0.085672,0.000203,0.001665,0.015125,0.014757,0.001060,0.105010,0.008473,0.001120
286,0.118093,0.732108,0.097127,0.000767,0.001133,0.001953,0.012345,0.002254,0.000255,0.033966
287,0.182592,0.026708,0.233283,0.048464,0.285792,0.035723,0.034402,0.031724,0.066079,0.055233
288,0.623646,0.007891,0.014202,0.002285,0.063562,0.003983,0.017897,0.161522,0.007423,0.097588
289,0.094670,0.007583,0.000618,0.137313,0.006229,0.001223,0.170857,0.498997,0.001373,0.081137
290,0.793360,0.167042,0.002117,0.001450,0.004436,0.002024,0.002145,0.003354,0.000012,0.024060
291,0.946367,0.011379,0.006281,0.001421,0.000838,0.002335,0.000833,0.013484,0.001403,0.015657
292,0.794852,0.009891,0.000931,0.046849,0.048837,0.012472,0.023755,0.055420,0.000661,0.006332
293,0.001390,0.001705,0.325962,0.002965,0.001714,0.053173,0.005275,0.202379,0.039992,0.365445
294,0.878056,0.012521,0.002372,0.002386,0.007369,0.045185,0.021169,0.027286,0.000744,0.002912
295,0.276197,0.003955,0.000768,0.007466,0.327188,0.300394,0.024050,0.057411,0.000687,0.001885
296,0.029043,0.044261,0.001133,0.415518,0.000352,0.320082,0.000586,0.140756,0.000252,0.048018
297,0.914651,0.008166,0.010080,0.001632,0.006595,0.020793,0.003835,0.015706,0.015610,0.002931
298,0.849484,0.091177,0.005600,0.004842,0.018759,0.018069,0.002463,0.007697,0.001441,0.000469
299,0.838634,0.015694,0.002179,0.000216,0.005071,0.002259,0.093941,0.040942,0.000614,0.000450
300,0.664736,0.139511,0.000135,0.000484,0.140800,0.007469,0.038276,0.007975,0.000028,0.000586
301,0.789425,0.022247,0.022548,0.000543,0.026998,0.000754,0.034862,0.024414,0.001655,0.076553
302,0.695859,0.011275,0.006654,0.004137,0.062115,0.002065,0.001719,0.171900,0.000818,0.043458
303,0.321871,0.028020,0.004368,0.003772,0.056913,0.091523,0.020710,0.208918,0.260620,0.003285
304,0.949793,0.003961,0.004340,0.001339,0.014472,0.003025,0.015399,0.005668,0.000826,0.001177
305,0.002769,0.274245,0.262811,0.002915,0.000563,0.436016,0.011214,0.004529,0.002021,0.002918
306,0.646348,0.000577,0.229662,0.001520,0.000323,0.000089,0.006666,0.009268,0.001713,0.103834
307,0.776196,0.003359,0.001139,0.002225,0.006373,0.000819,0.079933,0.123949,0.000041,0.005964
308,0.912516,0.058527,0.001495,0.008111,0.005442,0.001422,0.002626,0.000256,0.000006,0.009599
309,0.646927,0.006396,0.031221,0.019248,0.169705,0.015977,0.093229,0.011295,0.002004,0.003997
310,0.806484,0.101379,0.005809,0.001899,0.012701,0.002210,0.049188,0.008047,0.012085,0.000197
311,0.571156,0.024588,0.012274,0.000497,0.034295,0.004191,0.004313,0.334493,0.000301,0.013892
312,0.037516,0.032698,0.886119,0.000111,0.000366,0.008023,0.003707,0.011277,0.016972,0.003210
313,0.307950,0.618175,0.011189,0.045873,0.002173,0.009571,0.002938,0.000549,0.000035,0.001548
314,0.428595,0.055042,0.236987,0.049042,0.018396,0.013733,0.185072,0.000386,0.001869,0.010878
315,0.067193,0.707646,0.005602,0.001990,0.007321,0.198014,0.007771,0.000203,0.000051,0.004208
316,0.139782,0.023629,0.649704,0.001148,0.013467,0.022671,0.017462,0.056609,0.065864,0.009664
317,0.426246,0.495525,0.050493,0.001137,0.000756,0.011469,0.001427,0.000505,0.009611,0.002831
318,0.893682,0.011115,0.001597,0.003786,0.020166,0.034112,0.005600,0.021820,0.004979,0.003143
319,0.335952,0.607210,0.007759,0.000171,0.013692,0.006719,0.014034,0.006143,0.006715,0.001605
320,0.950408,0.025049,0.002645,0.002553,0.003783,0.007534,0.003982,0.001402,0.000571,0.002071
321,0.882999,0.048784,0.019619,0.002394,0.009954,0.000730,0.021435,0.010283,0.000416,0.003387
322,0.164513,0.547033,0.017735,0.131911,0.054059,0.018385,0.031187,0.001779,0.030890,0.002509
323,0.553971,0.001026,0.007340,0.000642,0.011504,0.027031,0.010030,0.383718,0.000757,0.003980
324,0.679596,0.033133,0.030407,0.000458,0.010085,0.000800,0.039777,0.199878,0.000011,0.005855
325,0.752031,0.010948,0.001687,0.009665,0.000156,0.001921,0.000590,0.007829,0.000360,0.214814
326,0.202210,0.012379,0.005847,0.007663,0.007857,0.064442,0.014324,0.649875,0.023181,0.012220
327,0.107343,0.005021,0.053624,0.001673,0.019737,0.619517,0.000810,0.028081,0.163586,0.000607
328,0.877892,0.010107,0.001784,0.013513,0.069315,0.019365,0.001793,0.004461,0.000975,0.000794
329,0.737719,0.087973,0.001650,0.034095,0.055553,0.007138,0.067515,0.005946,0.000143,0.002268
330,0.841671,0.018356,0.000696,0.001220,0.070463,0.014299,0.022555,0.019963,0.001033,0.009744
331,0.504380,0.003903,0.001898,0.376369,0.006837,0.002586,0.002077,0.091155,0.001201,0.009593
332,0.371956,0.003231,0.544827,0.000063,0.039876,0.000532,0.011065,0.022579,0.000115,0.005756
333,0.793095,0.041297,0.037313,0.002583,0.008086,0.035610,0.017929,0.029266,0.000473,0.034348
334,0.903581,0.019755,0.001846,0.000361,0.002708,0.000604,0.040957,0.028885,0.000160,0.001143
335,0.953619,0.006990,0.007912,0.002508,0.004778,0.011707,0.004174,0.006068,0.001338,0.000906
336,0.720935,0.017655,0.030765,0.019439,0.047344,0.003119,0.036794,0.107427,0.001563,0.014960
337,0.840923,0.011997,0.006949,0.000072,0.029334,0.008421,0.000267,0.064863,0.000001,0.037173
338,0.112964,0.044612,0.085357,0.012631,0.038510,0.034504,0.025641,0.633283,0.003060,0.009438
339,0.020340,0.002790,0.367715,0.000756,0.283695,0.299035,0.015274,0.005061,0.005269,0.000065
340,0.153365,0.035896,0.007275,0.498155,0.008487,0.276962,0.002903,0.000207,0.013060,0.003689
341,0.433484,0.001437,0.002849,0.252953,0.011013,0.048563,0.003295,0.237005,0.000713,0.008688
342,0.080534,0.301164,0.001637,0.333185,0.078226,0.173904,0.023390,0.004372,0.000840,0.002748
343,0.866456,0.002051,0.002944,0.001318,0.080617,0.006289,0.001467,0.016138,0.000060,0.022659
344,0.639047,0.315200,0.009186,0.003793,0.023346,0.004618,0.002686,0.000292,0.000111,0.001722
345,0.749043,0.015486,0.000630,0.000225,0.001952,0.005431,0.004472,0.201519,0.006821,0.014421
346,0.335930,0.623273,0.003590,0.016177,0.003311,0.016131,0.000209,0.000335,0.000813,0.000231
347,0.105125,0.060762,0.420729,0.000206,0.160201,0.229768,0.015541,0.004431,0.002381,0.000856
348,0.069868,0.005116,0.822839,0.012643,0.051931,0.023856,0.000283,0.001280,0.010464,0.001720
349,0.037472,0.014370,0.003703,0.067201,0.532785,0.303361,0.010083,0.004661,0.012022,0.014343
350,0.880698,0.062755,0.032980,0.000176,0.000790,0.017689,0.002147,0.000845,0.000285,0.001635
351,0.929565,0.033539,0.001799,0.010036,0.001444,0.011417,0.009462,0.000607,0.001598,0.000534
352,0.025935,0.016203,0.432449,0.000520,0.080646,0.306057,0.012600,0.013597,0.108590,0.003402
353,0.253924,0.218628,0.101748,0.197808,0.101160,0.021355,0.099973,0.000599,0.004590,0.000214
354,0.427286,0.191054,0.004839,0.008698,0.027888,0.330944,0.001377,0.004339,0.001425,0.002150
355,0.889329,0.064432,0.002122,0.000710,0.014945,0.010716,0.004188,0.005545,0.001066,0.006947
356,0.938388,0.012990,0.018154,0.001148,0.001152,0.001130,0.002176,0.017204,0.000124,0.007536
357,0.484338,0.004123,0.000395,0.004518,0.007673,0.016288,0.037791,0.433962,0.010159,0.000753
358,0.272263,0.012705,0.686578,0.014468,0.000030,0.010308,0.000070,0.000016,0.000109,0.003452
359,0.432789,0.051984,0.125916,0.040904,0.083650,0.025194,0.075001,0.035834,0.000564,0.128164
360,0.901601,0.049425,0.000348,0.000395,0.016415,0.011174,0.005474,0.009961,0.003676,0.001532
361,0.443608,0.002799,0.001031,0.008169,0.001927,0.004547,0.007392,0.450861,0.000714,0.078952
362,0.563626,0.008599,0.000716,0.001123,0.367540,0.001600,0.002577,0.053763,0.000031,0.000424
363,0.761663,0.008300,0.001655,0.000901,0.008502,0.010835,0.004691,0.200037,0.000195,0.003220
364,0.013510,0.526195,0.437234,0.000542,0.005187,0.014744,0.001426,0.000307,0.000444,0.000411
365,0.105017,0.221340,0.004427,0.122956,0.145062,0.151045,0.142418,0.002075,0.105009,0.000651
366,0.124011,0.004868,0.788882,0.004484,0.034894,0.027822,0.008136,0.001121,0.005518,0.000264
367,0.889535,0.016081,0.016981,0.000078,0.049053,0.001734,0.002775,0.016461,0.000773,0.006528
368,0.515588,0.339368,0.025019,0.014204,0.003368,0.074908,0.013448,0.000412,0.001683,0.012002
369,0.032216,0.364130,0.010819,0.543362,0.011020,0.030768,0.005709,0.001151,0.000224,0.000603
370,0.206191,0.048620,0.005219,0.140906,0.002687,0.584291,0.007645,0.001289,0.000907,0.002245
371,0.296187,0.091964,0.132602,0.008124,0.104427,0.053264,0.010892,0.285459,0.001871,0.015210
372,0.311993,0.663719,0.005799,0.000401,0.000475,0.003679,0.005245,0.006758,0.000198,0.001732
373,0.792356,0.023321,0.004687,0.007315,0.052468,0.077132,0.029785,0.010114,0.000484,0.002339
374,0.552234,0.016567,0.003170,0.034846,0.143000,0.062529,0.068267,0.068992,0.007598,0.042798
375,0.853149,0.117978,0.002913,0.010215,0.006428,0.001765,0.002757,0.001757,0.001539,0.001500
376,0.290196,0.091441,0.014552,0.262093,0.158392,0.085929,0.007160,0.023826,0.013285,0.053127
377,0.186603,0.643118,0.054787,0.057126,0.005466,0.026148,0.014915,0.003762,0.000216,0.007860
378,0.847237,0.086704,0.002169,0.001804,0.010564,0.036906,0.013674,0.000583,0.000191,0.000167
379,0.945032,0.027133,0.001489,0.000455,0.002427,0.011370,0.001100,0.007327,0.001071,0.002597
380,0.800135,0.077893,0.007130,0.011986,0.005330,0.002322,0.033163,0.037447,0.000254,0.024342
381,0.538476,0.002068,0.002801,0.007249,0.024106,0.020332,0.002036,0.388131,0.001041,0.013760
382,0.900853,0.042537,0.004011,0.000671,0.003665,0.001788,0.000792,0.026808,0.004339,0.014536
383,0.905356,0.008487,0.028002,0.000329,0.007867,0.005861,0.001603,0.039993,0.000213,0.002289
384,0.938594,0.032041,0.006559,0.002739,0.003927,0.003499,0.010235,0.000989,0.000029,0.001388
385,0.666164,0.008221,0.007543,0.239231,0.026242,0.028648,0.003497,0.011450,0.000771,0.008232
386,0.077014,0.007010,0.582885,0.010256,0.016627,0.249209,0.024028,0.001462,0.030808,0.000699
387,0.033767,0.037990,0.794300,0.005651,0.000513,0.118692,0.001978,0.002802,0.001525,0.002781
388,0.860962,0.118470,0.002951,0.007537,0.003216,0.003068,0.002489,0.000743,0.000154,0.000410
389,0.936843,0.010458,0.017550,0.004519,0.000586,0.003456,0.000330,0.005570,0.000358,0.020329
390,0.084898,0.786676,0.001359,0.050774,0.000256,0.065822,0.000782,0.001857,0.002837,0.004740
391,0.183655,0.046953,0.004681,0.131924,0.454912,0.015607,0.077417,0.018917,0.000200,0.065733
392,0.912807,0.006276,0.026478,0.000157,0.002684,0.011949,0.013889,0.014708,0.000370,0.010682
393,0.131737,0.004625,0.000959,0.042880,0.063495,0.531282,0.112170,0.015787,0.005951,0.091113
394,0.921011,0.056895,0.003723,0.000048,0.005360,0.002415,0.010030,0.000351,0.000124,0.000041
395,0.046038,0.042570,0.062928,0.701471,0.001307,0.008769,0.002879,0.000341,0.000293,0.133405
396,0.103078,0.007791,0.034169,0.002999,0.266481,0.009454,0.469005,0.075205,0.008973,0.022844
397,0.824639,0.052147,0.001123,0.000345,0.043363,0.002271,0.067543,0.000694,0.007147,0.000728
398,0.174902,0.092384,0.025656,0.318192,0.019797,0.229390,0.100854,0.012337,0.014806,0.011682
399,0.333398,0.003932,0.045935,0.003686,0.000786,0.013691,0.002932,0.529978,0.000274,0.065387
400,0.437904,0.002071,0.000378,0.017071,0.002067,0.026484,0.002153,0.505795,0.000417,0.005660
401,0.128369,0.716861,0.001163,0.001625,0.003003,0.142237,0.002502,0.000522,0.003075,0.000643
402,0.743952,0.243765,0.007538,0.001555,0.000565,0.001537,0.000103,0.000125,0.000023,0.000837
403,0.092449,0.012407,0.000372,0.526919,0.019168,0.066832,0.082110,0.025232,0.000076,0.174437
404,0.514291,0.465176,0.000691,0.008144,0.000820,0.004734,0.005315,0.000181,0.000125,0.000522
405,0.184996,0.718885,0.004261,0.005182,0.035567,0.005176,0.036855,0.002117,0.000165,0.006797
406,0.031004,0.898317,0.021701,0.041914,0.000546,0.005163,0.001080,0.000092,0.000002,0.000180
407,0.566424,0.257397,0.006445,0.033639,0.062001,0.045129,0.003157,0.001951,0.000042,0.023814
408,0.736553,0.076757,0.008941,0.047995,0.009414,0.020681,0.037932,0.002024,0.000128,0.059575
409,0.904857,0.064019,0.002231,0.004363,0.007836,0.001240,0.002180,0.009450,0.000365,0.003458
410,0.931319,0.026080,0.000563,0.000652,0.012797,0.002539,0.000541,0.015954,0.005400,0.004155
411,0.743309,0.012255,0.009035,0.007795,0.004003,0.010434,0.001054,0.207947,0.000179,0.003989
412,0.415304,0.051453,0.016570,0.100614,0.135335,0.183746,0.045825,0.014056,0.000997,0.036101
413,0.294425,0.003932,0.014085,0.002668,0.002265,0.038139,0.009385,0.617007,0.016130,0.001963
414,0.832913,0.004759,0.003753,0.008062,0.020556,0.016314,0.046325,0.054633,0.006037,0.006648
415,0.249172,0.721393,0.008124,0.001694,0.006495,0.004219,0.007720,0.000717,0.000051,0.000414
416,0.964162,0.006992,0.001283,0.000766,0.005382,0.003836,0.015284,0.000949,0.000244,0.001103
417,0.004370,0.055103,0.000344,0.106995,0.153681,0.072091,0.028252,0.000308,0.433988,0.144868
418,0.939768,0.007151,0.002027,0.001076,0.010057,0.004125,0.002833,0.014546,0.017630,0.000788
419,0.023338,0.016351,0.003538,0.378280,0.004946,0.538777,0.014410,0.017217,0.003052,0.000091
420,0.626266,0.024474,0.178051,0.002085,0.102868,0.042494,0.015495,0.001487,0.003449,0.003331
421,0.905258,0.019410,0.009345,0.023322,0.000496,0.017362,0.020530,0.001163,0.000248,0.002868
422,0.370284,0.508582,0.004451,0.018986,0.009657,0.026055,0.007960,0.045814,0.001578,0.006632
423,0.473079,0.090262,0.002639,0.000528,0.057481,0.001848,0.303081,0.020130,0.000215,0.050737
424,0.643390,0.066347,0.000924,0.060100,0.050466,0.107590,0.058336,0.002707,0.009278,0.000860
425,0.755132,0.040929,0.004001,0.001393,0.017385,0.004923,0.004813,0.161361,0.003480,0.006581
